Player,Age,Team,G,GS,Tgt,Rec,Yds,Y/R,TD,1D,Succ%,Lng,R/G,Y/G,Ctch%,Y/Tgt,Fmb,Awards
Antonio Brown,26.0,PIT,16.0,16.0,181.0,129.0,1698.0,13.2,13.0,87.0,60.2,63.0,8.1,106.1,71.3,9.4,2.0,"PB,AP-1,AP OPoY-3"
Demaryius Thomas,27.0,DEN,16.0,16.0,184.0,111.0,1619.0,14.6,11.0,69.0,50.5,86.0,6.9,101.2,60.3,8.8,0.0,"PB,AP-2"
Julio Jones,25.0,ATL,15.0,15.0,163.0,104.0,1593.0,15.3,6.0,76.0,55.8,79.0,6.9,106.2,63.8,9.8,2.0,PB
Matt Forte,29.0,CHI,16.0,16.0,130.0,102.0,808.0,7.9,4.0,28.0,46.2,56.0,6.4,50.5,78.5,6.2,2.0,
Emmanuel Sanders,27.0,DEN,16.0,16.0,141.0,101.0,1404.0,13.9,9.0,69.0,63.8,48.0,6.3,87.8,71.6,10.0,1.0,PB
Golden Tate,26.0,DET,16.0,16.0,144.0,99.0,1331.0,13.4,4.0,61.0,54.2,73.0,6.2,83.2,68.8,9.2,1.0,PB
Jordy Nelson,29.0,GNB,16.0,16.0,151.0,98.0,1519.0,15.5,13.0,71.0,58.9,80.0,6.1,94.9,64.9,10.1,0.0,"PB,AP-2"
Julian Edelman,28.0,NWE,14.0,13.0,134.0,92.0,972.0,10.6,4.0,50.0,55.2,69.0,6.6,69.4,68.7,7.3,3.0,
Odell Beckham Jr.,22.0,NYG,12.0,11.0,130.0,91.0,1305.0,14.3,12.0,58.0,60.8,80.0,7.6,108.8,70.0,10.0,1.0,"PB,AP ORoY-1"
Randall Cobb,24.0,GNB,16.0,16.0,127.0,91.0,1287.0,14.1,12.0,71.0,63.0,70.0,5.7,80.4,71.7,10.1,3.0,PB
Martellus Bennett,27.0,CHI,16.0,15.0,128.0,90.0,916.0,10.2,6.0,43.0,51.6,37.0,5.6,57.3,70.3,7.2,0.0,PB
Dez Bryant,26.0,DAL,16.0,16.0,136.0,88.0,1320.0,15.0,16.0,60.0,55.1,68.0,5.5,82.5,64.7,9.7,0.0,"PB,AP-1"
Jimmy Graham,28.0,NOR,16.0,13.0,125.0,85.0,889.0,10.5,10.0,54.0,62.4,29.0,5.3,55.6,68.0,7.1,2.0,PB
Alshon Jeffery,24.0,CHI,16.0,16.0,145.0,85.0,1133.0,13.3,10.0,60.0,51.0,74.0,5.3,70.8,58.6,7.8,1.0,
Andre Johnson,33.0,HOU,15.0,15.0,146.0,85.0,936.0,11.0,3.0,50.0,47.3,35.0,5.7,62.4,58.2,6.4,3.0,
Jeremy Maclin,26.0,PHI,16.0,16.0,143.0,85.0,1318.0,15.5,10.0,56.0,52.4,72.0,5.3,82.4,59.4,9.2,0.0,AP CPoY-2
Jarvis Landry,22.0,MIA,16.0,11.0,112.0,84.0,758.0,9.0,5.0,50.0,52.7,25.0,5.3,47.4,75.0,6.8,7.0,
Greg Olsen,29.0,CAR,16.0,16.0,123.0,84.0,1008.0,12.0,6.0,55.0,61.0,38.0,5.3,63.0,68.3,8.2,1.0,PB
Le'Veon Bell,22.0,PIT,16.0,16.0,105.0,83.0,854.0,10.3,3.0,41.0,60.0,48.0,5.2,53.4,79.0,8.1,0.0,"PB,AP-1,AP OPoY-4"
Anquan Boldin,34.0,SFO,16.0,16.0,130.0,83.0,1062.0,12.8,5.0,56.0,56.2,76.0,5.2,66.4,63.8,8.2,0.0,
Rob Gronkowski,25.0,NWE,15.0,10.0,131.0,82.0,1124.0,13.7,12.0,60.0,55.7,46.0,5.5,74.9,62.6,8.6,0.0,"PB,AP-1,AP OPoY-5,AP CPoY-1"
T.Y. Hilton,25.0,IND,15.0,15.0,131.0,82.0,1345.0,16.4,7.0,64.0,56.5,73.0,5.5,89.7,62.6,10.3,3.0,PB
Roddy White,33.0,ATL,14.0,14.0,125.0,80.0,921.0,11.5,7.0,55.0,56.0,39.0,5.7,65.8,64.0,7.4,3.0,
Steve Smith Sr.,35.0,BAL,16.0,16.0,134.0,79.0,1065.0,13.5,6.0,45.0,47.0,80.0,4.9,66.6,59.0,7.9,2.0,
Keenan Allen,22.0,SDG,14.0,14.0,121.0,77.0,783.0,10.2,4.0,41.0,49.6,35.0,5.5,55.9,63.6,6.5,2.0,
DeAndre Hopkins,22.0,HOU,16.0,16.0,127.0,76.0,1210.0,15.9,6.0,57.0,53.5,76.0,4.8,75.6,59.8,9.5,2.0,
Eric Decker,27.0,NYJ,15.0,15.0,115.0,74.0,962.0,13.0,5.0,47.0,53.9,74.0,4.9,64.1,64.3,8.4,0.0,
Brandon LaFell,28.0,NWE,16.0,13.0,119.0,74.0,953.0,12.9,7.0,50.0,52.9,56.0,4.6,59.6,62.2,8.0,1.0,
Kelvin Benjamin,23.0,CAR,16.0,15.0,145.0,73.0,1008.0,13.8,9.0,52.0,43.4,51.0,4.6,63.0,50.3,7.0,1.0,
James Jones,30.0,OAK,16.0,10.0,112.0,73.0,666.0,9.1,6.0,40.0,42.9,42.0,4.6,41.6,65.2,5.9,3.0,
Calvin Johnson,29.0,DET,13.0,13.0,128.0,71.0,1077.0,15.2,8.0,59.0,53.9,67.0,5.5,82.8,55.5,8.4,0.0,PB
Rueben Randle,23.0,NYG,16.0,13.0,127.0,71.0,938.0,13.2,3.0,48.0,48.0,49.0,4.4,58.6,55.9,7.4,0.0,
Vincent Jackson,31.0,TAM,16.0,16.0,142.0,70.0,1002.0,14.3,2.0,50.0,46.5,50.0,4.4,62.6,49.3,7.1,1.0,
Antonio Gates,34.0,SDG,16.0,14.0,98.0,69.0,821.0,11.9,12.0,44.0,66.3,34.0,4.3,51.3,70.4,8.4,1.0,
A.J. Green,26.0,CIN,13.0,13.0,117.0,69.0,1041.0,15.1,6.0,46.0,53.0,81.0,5.3,80.1,59.0,8.9,3.0,PB
Michael Crabtree,27.0,SFO,16.0,16.0,108.0,68.0,698.0,10.3,4.0,35.0,44.4,51.0,4.3,43.6,63.0,6.5,0.0,
Mike Evans,21.0,TAM,15.0,15.0,122.0,68.0,1051.0,15.5,12.0,46.0,46.7,56.0,4.5,70.1,55.7,8.6,0.0,AP ORoY-3
Pierre Garcon,28.0,WAS,16.0,14.0,105.0,68.0,752.0,11.1,3.0,33.0,45.7,70.0,4.3,47.0,64.8,7.2,0.0,
Travis Kelce,25.0,KAN,16.0,11.0,87.0,67.0,862.0,12.9,5.0,46.0,69.0,34.0,4.2,53.9,77.0,9.9,4.0,
Jordan Matthews,22.0,PHI,16.0,10.0,103.0,67.0,872.0,13.0,8.0,43.0,52.4,44.0,4.2,54.5,65.0,8.5,0.0,
Mike Wallace,28.0,MIA,16.0,16.0,115.0,67.0,862.0,12.9,10.0,47.0,50.4,50.0,4.2,53.9,58.3,7.5,2.0,
Doug Baldwin,26.0,SEA,16.0,16.0,98.0,66.0,825.0,12.5,3.0,43.0,51.0,49.0,4.1,51.6,67.3,8.4,0.0,
Fred Jackson,33.0,BUF,14.0,9.0,90.0,66.0,501.0,7.6,1.0,26.0,46.7,34.0,4.7,35.8,73.3,5.6,5.0,
Heath Miller,32.0,PIT,16.0,16.0,91.0,66.0,761.0,11.5,3.0,43.0,63.7,49.0,4.1,47.6,72.5,8.4,1.0,
Sammy Watkins,21.0,BUF,16.0,16.0,128.0,65.0,982.0,15.1,6.0,48.0,46.9,84.0,4.1,61.4,50.8,7.7,1.0,
Robert Woods,22.0,BUF,16.0,15.0,104.0,65.0,699.0,10.8,5.0,35.0,47.1,37.0,4.1,43.7,62.5,6.7,1.0,
Reggie Wayne,36.0,IND,15.0,15.0,116.0,64.0,779.0,12.2,2.0,40.0,45.7,80.0,4.3,51.9,55.2,6.7,1.0,
Jason Witten,32.0,DAL,16.0,16.0,90.0,64.0,703.0,11.0,5.0,48.0,58.9,34.0,4.0,43.9,71.1,7.8,0.0,PB
Larry Donnell,26.0,NYG,16.0,12.0,92.0,63.0,623.0,9.9,6.0,36.0,55.4,32.0,3.9,38.9,68.5,6.8,4.0,
Larry Fitzgerald,31.0,ARI,14.0,13.0,103.0,63.0,784.0,12.4,2.0,39.0,49.5,80.0,4.5,56.0,61.2,7.6,1.0,
Andrew Hawkins,28.0,CLE,15.0,15.0,112.0,63.0,824.0,13.1,2.0,44.0,46.4,65.0,4.2,54.9,56.3,7.4,0.0,
Kenny Stills,22.0,NOR,15.0,7.0,83.0,63.0,931.0,14.8,3.0,47.0,72.3,69.0,4.2,62.1,75.9,11.2,1.0,
Delanie Walker,30.0,TEN,15.0,14.0,106.0,63.0,890.0,14.1,4.0,34.0,45.3,68.0,4.2,59.3,59.4,8.4,2.0,
Jermaine Gresham,26.0,CIN,15.0,15.0,79.0,62.0,460.0,7.4,5.0,24.0,53.2,23.0,4.1,30.7,78.5,5.8,3.0,
Eddie Royal,28.0,SDG,16.0,11.0,91.0,62.0,778.0,12.5,7.0,39.0,52.7,47.0,3.9,48.6,68.1,8.5,1.0,
Brandon Marshall,30.0,CHI,13.0,13.0,106.0,61.0,721.0,11.8,8.0,41.0,50.9,47.0,4.7,55.5,57.5,6.8,1.0,
Dwayne Bowe,30.0,KAN,15.0,15.0,95.0,60.0,754.0,12.6,0.0,42.0,56.8,37.0,4.0,50.3,63.2,7.9,2.0,
Marques Colston,31.0,NOR,16.0,13.0,100.0,59.0,902.0,15.3,5.0,45.0,58.0,57.0,3.7,56.4,59.0,9.0,1.0,
Greg Jennings,31.0,MIN,16.0,13.0,92.0,59.0,742.0,12.6,6.0,40.0,52.2,38.0,3.7,46.4,64.1,8.1,1.0,
Charles Clay,25.0,MIA,14.0,14.0,84.0,58.0,605.0,10.4,3.0,31.0,50.0,41.0,4.1,43.2,69.0,7.2,0.0,
Zach Ertz,24.0,PHI,16.0,5.0,89.0,58.0,702.0,12.1,3.0,42.0,58.4,35.0,3.6,43.9,65.2,7.9,1.0,
Mychal Rivera,24.0,OAK,16.0,10.0,99.0,58.0,534.0,9.2,4.0,29.0,45.5,33.0,3.6,33.4,58.6,5.4,3.0,
DeMarco Murray,26.0,DAL,16.0,16.0,64.0,57.0,416.0,7.3,0.0,17.0,54.7,34.0,3.6,26.0,89.1,6.5,5.0,"PB,AP-1,AP MVP-3,AP OPoY-1"
Kendall Wright,25.0,TEN,14.0,11.0,93.0,57.0,715.0,12.5,6.0,32.0,44.1,48.0,4.1,51.1,61.3,7.7,1.0,
DeSean Jackson,28.0,WAS,15.0,13.0,95.0,56.0,1169.0,20.9,6.0,37.0,49.5,81.0,3.7,77.9,58.9,12.3,0.0,
Mohamed Sanu,25.0,CIN,16.0,13.0,98.0,56.0,790.0,14.1,5.0,38.0,49.0,76.0,3.5,49.4,57.1,8.1,0.0,
Riley Cooper,27.0,PHI,16.0,16.0,95.0,55.0,577.0,10.5,3.0,25.0,47.4,50.0,3.4,36.1,57.9,6.1,1.0,
Brandin Cooks,21.0,NOR,10.0,7.0,69.0,53.0,550.0,10.4,3.0,25.0,58.0,50.0,5.3,55.0,76.8,8.0,1.0,
Cecil Shorts,27.0,JAX,13.0,12.0,110.0,53.0,557.0,10.5,1.0,27.0,40.9,53.0,4.1,42.8,48.2,5.1,1.0,
Markus Wheaton,23.0,PIT,16.0,11.0,86.0,53.0,644.0,12.2,2.0,34.0,52.3,47.0,3.3,40.3,61.6,7.5,0.0,
Jared Cook,27.0,STL,16.0,6.0,99.0,52.0,634.0,12.2,3.0,32.0,45.5,59.0,3.3,39.6,52.5,6.4,0.0,
Malcom Floyd,33.0,SDG,16.0,16.0,92.0,52.0,856.0,16.5,6.0,39.0,50.0,59.0,3.3,53.5,56.5,9.3,0.0,
Shane Vereen,25.0,NWE,16.0,6.0,77.0,52.0,447.0,8.6,3.0,24.0,41.6,49.0,3.3,27.9,67.5,5.8,0.0,
Harry Douglas,30.0,ATL,12.0,6.0,74.0,51.0,556.0,10.9,2.0,29.0,55.4,41.0,4.3,46.3,68.9,7.5,0.0,
Coby Fleener,26.0,IND,16.0,12.0,92.0,51.0,774.0,15.2,8.0,40.0,50.0,73.0,3.2,48.4,55.4,8.4,0.0,
Allen Hurns,23.0,JAX,16.0,8.0,97.0,51.0,677.0,13.3,6.0,26.0,38.1,63.0,3.2,42.3,52.6,7.0,0.0,
Percy Harvin,26.0,2TM,13.0,12.0,78.0,51.0,483.0,9.5,1.0,23.0,48.7,45.0,3.9,37.2,65.4,6.2,3.0,
Jordan Reed,24.0,WAS,11.0,2.0,65.0,50.0,465.0,9.3,0.0,23.0,52.3,30.0,4.5,42.3,76.9,7.2,1.0,
Torrey Smith,25.0,BAL,16.0,16.0,92.0,49.0,767.0,15.7,11.0,38.0,45.7,53.0,3.1,47.9,53.3,8.3,0.0,
Wes Welker,33.0,DEN,14.0,8.0,64.0,49.0,464.0,9.5,2.0,24.0,56.3,39.0,3.5,33.1,76.6,7.3,0.0,
Kenny Britt,26.0,STL,16.0,13.0,84.0,48.0,748.0,15.6,3.0,33.0,50.0,63.0,3.0,46.8,57.1,8.9,0.0,
John Brown,24.0,ARI,16.0,5.0,102.0,48.0,696.0,14.5,5.0,31.0,36.3,75.0,3.0,43.5,47.1,6.8,0.0,
Jerricho Cotchery,32.0,CAR,15.0,13.0,78.0,48.0,580.0,12.1,1.0,29.0,53.8,47.0,3.2,38.7,61.5,7.4,0.0,
Owen Daniels,32.0,BAL,15.0,13.0,79.0,48.0,527.0,11.0,4.0,32.0,54.4,39.0,3.2,35.1,60.8,6.7,0.0,
Allen Robinson,21.0,JAX,10.0,8.0,81.0,48.0,548.0,11.4,2.0,26.0,49.4,54.0,4.8,54.8,59.3,6.8,0.0,
Miles Austin,30.0,CLE,12.0,11.0,73.0,47.0,568.0,12.1,2.0,34.0,54.8,31.0,3.9,47.3,64.4,7.8,0.0,
Scott Chandler,29.0,BUF,16.0,5.0,70.0,47.0,497.0,10.6,3.0,28.0,52.9,37.0,2.9,31.1,67.1,7.1,0.0,
Michael Floyd,25.0,ARI,16.0,14.0,99.0,47.0,841.0,17.9,6.0,34.0,39.4,63.0,2.9,52.6,47.5,8.5,3.0,
Andre Holmes,26.0,OAK,16.0,13.0,99.0,47.0,693.0,14.7,4.0,32.0,41.4,77.0,2.9,43.3,47.5,7.0,0.0,
Andre Ellington,25.0,ARI,12.0,12.0,64.0,46.0,395.0,8.6,2.0,19.0,40.6,81.0,3.8,32.9,71.9,6.2,2.0,
Benny Cunningham,24.0,STL,16.0,2.0,52.0,45.0,352.0,7.8,1.0,21.0,51.9,19.0,2.8,22.0,86.5,6.8,2.0,
Pierre Thomas,30.0,NOR,11.0,3.0,55.0,45.0,378.0,8.4,1.0,19.0,49.1,39.0,4.1,34.4,81.8,6.9,0.0,
Matt Asiata,27.0,MIN,15.0,9.0,63.0,44.0,312.0,7.1,1.0,7.0,38.1,41.0,2.9,20.8,69.8,5.0,1.0,
Justin Forsett,29.0,BAL,16.0,14.0,59.0,44.0,263.0,6.0,0.0,10.0,39.0,26.0,2.8,16.4,74.6,4.5,1.0,"PB,AP CPoY-5"
Giovani Bernard,23.0,CIN,13.0,9.0,59.0,43.0,349.0,8.1,2.0,14.0,37.3,46.0,3.3,26.8,72.9,5.9,0.0,
Julius Thomas,26.0,DEN,13.0,10.0,62.0,43.0,489.0,11.4,12.0,30.0,59.7,35.0,3.3,37.6,69.4,7.9,1.0,PB
Roy Helu,26.0,WAS,14.0,0.0,47.0,42.0,477.0,11.4,2.0,16.0,46.8,55.0,3.0,34.1,89.4,10.1,2.0,
Eddie Lacy,24.0,GNB,16.0,16.0,55.0,42.0,427.0,10.2,4.0,18.0,52.7,67.0,2.6,26.7,76.4,7.8,3.0,
Jarius Wright,25.0,MIN,16.0,7.0,62.0,42.0,588.0,14.0,2.0,25.0,51.6,87.0,2.6,36.8,67.7,9.5,0.0,
Chris Hogan,27.0,BUF,16.0,2.0,61.0,41.0,426.0,10.4,4.0,20.0,42.6,31.0,2.6,26.6,67.2,7.0,2.0,
Reggie Bush,29.0,DET,11.0,9.0,56.0,40.0,253.0,6.3,0.0,13.0,39.3,28.0,3.6,23.0,71.4,4.5,0.0,
Jamaal Charles,28.0,KAN,15.0,15.0,59.0,40.0,291.0,7.3,5.0,16.0,37.3,30.0,2.7,19.4,67.8,4.9,5.0,PB
Darren Sproles,31.0,PHI,15.0,0.0,62.0,40.0,387.0,9.7,0.0,18.0,41.9,57.0,2.7,25.8,64.5,6.2,4.0,"PB,AP-2"
Nate Washington,31.0,TEN,16.0,11.0,72.0,40.0,647.0,16.2,2.0,26.0,52.8,80.0,2.5,40.4,55.6,9.0,0.0,
Brian Hartline,28.0,MIA,16.0,16.0,63.0,39.0,474.0,12.2,2.0,27.0,54.0,35.0,2.4,29.6,61.9,7.5,1.0,
Niles Paul,25.0,WAS,16.0,7.0,52.0,39.0,507.0,13.0,1.0,19.0,63.5,50.0,2.4,31.7,75.0,9.8,1.0,
Davante Adams,22.0,GNB,16.0,11.0,66.0,38.0,446.0,11.7,3.0,23.0,48.5,45.0,2.4,27.9,57.6,6.8,0.0,
Jace Amaro,22.0,NYJ,14.0,4.0,53.0,38.0,345.0,9.1,2.0,20.0,49.1,43.0,2.7,24.6,71.7,6.5,1.0,
Ahmad Bradshaw,28.0,IND,10.0,1.0,47.0,38.0,300.0,7.9,6.0,20.0,61.7,22.0,3.8,30.0,80.9,6.4,3.0,
Travaris Cadet,25.0,NOR,15.0,1.0,51.0,38.0,296.0,7.8,1.0,15.0,51.0,31.0,2.5,19.7,74.5,5.8,2.0,
Arian Foster,28.0,HOU,13.0,13.0,59.0,38.0,327.0,8.6,5.0,15.0,35.6,56.0,2.9,25.2,64.4,5.5,2.0,"PB,AP CPoY-5"
Devin Hester,32.0,ATL,16.0,1.0,59.0,38.0,504.0,13.3,2.0,22.0,49.2,46.0,2.4,31.5,64.4,8.5,2.0,PB
Jermaine Kearse,24.0,SEA,15.0,14.0,69.0,38.0,537.0,14.1,1.0,21.0,42.0,60.0,2.5,35.8,55.1,7.8,0.0,
Jeremy Kerley,26.0,NYJ,16.0,7.0,75.0,38.0,409.0,10.8,1.0,21.0,41.3,33.0,2.4,25.6,50.7,5.5,1.0,
Lamar Miller,23.0,MIA,16.0,16.0,52.0,38.0,275.0,7.2,1.0,10.0,46.2,20.0,2.4,17.2,73.1,5.3,3.0,
Hakeem Nicks,26.0,IND,16.0,6.0,68.0,38.0,405.0,10.7,4.0,18.0,41.2,29.0,2.4,25.3,55.9,6.0,0.0,
Cole Beasley,25.0,DAL,16.0,2.0,49.0,37.0,420.0,11.4,4.0,26.0,67.3,45.0,2.3,26.3,75.5,8.6,2.0,
Marqise Lee,23.0,JAX,13.0,8.0,69.0,37.0,422.0,11.4,1.0,21.0,44.9,37.0,2.8,32.5,53.6,6.1,0.0,
Marshawn Lynch,28.0,SEA,16.0,14.0,48.0,37.0,367.0,9.9,4.0,16.0,45.8,39.0,2.3,22.9,77.1,7.6,3.0,"PB,AP-2"
Marcel Reece,29.0,OAK,15.0,15.0,59.0,37.0,265.0,7.2,1.0,12.0,42.4,19.0,2.5,17.7,62.7,4.5,1.0,PB
Terrance Williams,25.0,DAL,16.0,16.0,66.0,37.0,621.0,16.8,8.0,30.0,53.0,51.0,2.3,38.8,56.1,9.4,0.0,
Taylor Gabriel,23.0,CLE,16.0,2.0,72.0,36.0,621.0,17.3,1.0,26.0,40.3,70.0,2.3,38.8,50.0,8.6,0.0,
Darren McFadden,27.0,OAK,16.0,12.0,56.0,36.0,212.0,5.9,0.0,8.0,33.9,23.0,2.3,13.3,64.3,3.8,1.0,
Branden Oliver,23.0,SDG,14.0,7.0,45.0,36.0,271.0,7.5,1.0,11.0,46.7,50.0,2.6,19.4,80.0,6.0,0.0,
Preston Parker,27.0,NYG,16.0,7.0,56.0,36.0,418.0,11.6,2.0,26.0,53.6,42.0,2.3,26.1,64.3,7.5,2.0,
Andre Roberts,26.0,WAS,16.0,4.0,73.0,36.0,453.0,12.6,2.0,28.0,45.2,61.0,2.3,28.3,49.3,6.2,4.0,
Stevie Johnson,28.0,SFO,13.0,1.0,50.0,35.0,435.0,12.4,3.0,24.0,62.0,32.0,2.7,33.5,70.0,8.7,0.0,
C.J. Anderson,23.0,DEN,15.0,7.0,44.0,34.0,324.0,9.5,2.0,14.0,54.5,51.0,2.3,21.6,77.3,7.4,1.0,PB
Joique Bell,28.0,DET,15.0,6.0,53.0,34.0,322.0,9.5,1.0,14.0,43.4,28.0,2.3,21.5,64.2,6.1,5.0,
Theo Riddick,23.0,DET,14.0,2.0,50.0,34.0,316.0,9.3,4.0,14.0,42.0,41.0,2.4,22.6,68.0,6.3,0.0,
Jason Avant,31.0,2TM,16.0,0.0,62.0,34.0,353.0,10.4,1.0,20.0,45.2,41.0,2.1,22.1,54.8,5.7,0.0,
John Carlson,30.0,ARI,16.0,12.0,55.0,33.0,350.0,10.6,1.0,17.0,41.8,32.0,2.1,21.9,60.0,6.4,0.0,
Cordarrelle Patterson,23.0,MIN,16.0,7.0,67.0,33.0,384.0,11.6,1.0,20.0,41.8,28.0,2.1,24.0,49.3,5.7,1.0,
Bobby Rainey,27.0,TAM,15.0,5.0,45.0,33.0,315.0,9.5,1.0,13.0,46.7,34.0,2.2,21.0,73.3,7.0,3.0,
Brent Celek,29.0,PHI,16.0,15.0,51.0,32.0,340.0,10.6,1.0,16.0,51.0,37.0,2.0,21.3,62.7,6.7,1.0,
Donte Moncrief,21.0,IND,16.0,2.0,49.0,32.0,444.0,13.9,3.0,15.0,44.9,79.0,2.0,27.8,65.3,9.1,0.0,
Tavon Austin,24.0,STL,15.0,8.0,44.0,31.0,242.0,7.8,0.0,12.0,50.0,28.0,2.1,16.1,70.5,5.5,5.0,
Charles Johnson,25.0,MIN,12.0,6.0,59.0,31.0,475.0,15.3,2.0,19.0,47.5,56.0,2.6,39.6,52.5,8.1,1.0,
Damaris Johnson,25.0,HOU,16.0,8.0,49.0,31.0,331.0,10.7,1.0,15.0,40.8,44.0,1.9,20.7,63.3,6.8,2.0,
Louis Murphy,27.0,TAM,11.0,3.0,56.0,31.0,380.0,12.3,2.0,14.0,48.2,54.0,2.8,34.5,55.4,6.8,1.0,
Levine Toilolo,23.0,ATL,16.0,16.0,54.0,31.0,238.0,7.7,2.0,15.0,40.7,20.0,1.9,14.9,57.4,4.4,1.0,
Stedman Bailey,24.0,STL,14.0,3.0,46.0,30.0,435.0,14.5,1.0,19.0,63.0,38.0,2.1,31.1,65.2,9.5,0.0,
Devonta Freeman,22.0,ATL,16.0,0.0,37.0,30.0,225.0,7.5,1.0,8.0,45.9,36.0,1.9,14.1,81.1,6.1,1.0,
Rashad Jennings,29.0,NYG,11.0,9.0,41.0,30.0,226.0,7.5,0.0,8.0,34.1,27.0,2.7,20.5,73.2,5.5,1.0,
Dwayne Allen,24.0,IND,13.0,13.0,50.0,29.0,395.0,13.6,8.0,24.0,52.0,41.0,2.2,30.4,58.0,7.9,1.0,
Donald Brown,27.0,SDG,13.0,3.0,41.0,29.0,211.0,7.3,0.0,7.0,34.1,24.0,2.2,16.2,70.7,5.1,1.0,
Brandon Gibson,27.0,MIA,14.0,5.0,51.0,29.0,295.0,10.2,1.0,14.0,43.1,40.0,2.1,21.1,56.9,5.8,2.0,
Mark Ingram,25.0,NOR,13.0,9.0,36.0,29.0,145.0,5.0,0.0,5.0,38.9,14.0,2.2,11.2,80.6,4.0,3.0,PB
Andrew Quarless,26.0,GNB,16.0,11.0,46.0,29.0,323.0,11.1,3.0,20.0,58.7,34.0,1.8,20.2,63.0,7.0,0.0,
Paul Richardson,22.0,SEA,15.0,6.0,44.0,29.0,271.0,9.3,1.0,16.0,50.0,32.0,1.9,18.1,65.9,6.2,1.0,
Jacquizz Rodgers,24.0,ATL,16.0,1.0,40.0,29.0,173.0,6.0,1.0,9.0,40.0,14.0,1.8,10.8,72.5,4.3,1.0,
Justin Hunter,23.0,TEN,12.0,8.0,67.0,28.0,498.0,17.8,3.0,20.0,37.3,75.0,2.3,41.5,41.8,7.4,0.0,
LeSean McCoy,26.0,PHI,16.0,16.0,37.0,28.0,155.0,5.5,0.0,10.0,43.2,18.0,1.8,9.7,75.7,4.2,4.0,PB
Danny Amendola,29.0,NWE,16.0,4.0,42.0,27.0,200.0,7.4,1.0,12.0,42.9,21.0,1.7,12.5,64.3,4.8,0.0,
Jeremy Hill,22.0,CIN,16.0,8.0,32.0,27.0,215.0,8.0,0.0,7.0,46.9,38.0,1.7,13.4,84.4,6.7,5.0,
Lance Kendricks,26.0,STL,16.0,14.0,38.0,27.0,259.0,9.6,5.0,17.0,63.2,23.0,1.7,16.2,71.1,6.8,0.0,
Jerick McKinnon,22.0,MIN,11.0,6.0,41.0,27.0,135.0,5.0,0.0,7.0,24.4,17.0,2.5,12.3,65.9,3.3,0.0,
Trent Richardson,24.0,IND,15.0,12.0,34.0,27.0,229.0,8.5,0.0,9.0,50.0,24.0,1.8,15.3,79.4,6.7,2.0,
Martavis Bryant,23.0,PIT,10.0,3.0,48.0,26.0,549.0,21.1,8.0,16.0,45.8,94.0,2.6,54.9,54.2,11.4,0.0,
Vernon Davis,30.0,SFO,14.0,14.0,50.0,26.0,245.0,9.4,2.0,11.0,36.0,29.0,1.9,17.5,52.0,4.9,0.0,
Clay Harbor,27.0,JAX,13.0,8.0,35.0,26.0,289.0,11.1,1.0,12.0,42.9,59.0,2.0,22.2,74.3,8.3,0.0,
Dexter McCluster,25.0,TEN,14.0,2.0,36.0,26.0,197.0,7.6,1.0,10.0,44.4,25.0,1.9,14.1,72.2,5.5,1.0,
Tim Wright,24.0,NWE,16.0,2.0,33.0,26.0,259.0,10.0,6.0,18.0,66.7,30.0,1.6,16.2,78.8,7.8,0.0,
Eric Ebron,21.0,DET,13.0,7.0,47.0,25.0,248.0,9.9,1.0,14.0,44.7,22.0,1.9,19.1,53.2,5.3,0.0,
Anthony Fasano,30.0,KAN,15.0,13.0,36.0,25.0,226.0,9.0,4.0,15.0,52.8,22.0,1.7,15.1,69.4,6.3,0.0,
Brian Quick,25.0,STL,7.0,7.0,39.0,25.0,375.0,15.0,3.0,20.0,59.0,51.0,3.6,53.6,64.1,9.6,0.0,
Jonathan Stewart,27.0,CAR,13.0,8.0,31.0,25.0,181.0,7.2,1.0,7.0,51.6,22.0,1.9,13.9,80.6,5.8,2.0,
Jordan Todman,24.0,JAX,16.0,1.0,37.0,25.0,198.0,7.9,1.0,6.0,24.3,26.0,1.6,12.4,67.6,5.4,0.0,
Kamar Aiken,25.0,BAL,16.0,0.0,32.0,24.0,267.0,11.1,3.0,15.0,68.8,24.0,1.5,16.7,75.0,8.3,0.0,
Marlon Brown,23.0,BAL,14.0,1.0,31.0,24.0,255.0,10.6,0.0,16.0,58.1,22.0,1.7,18.2,77.4,8.2,0.0,
Jordan Cameron,26.0,CLE,10.0,9.0,48.0,24.0,424.0,17.7,2.0,13.0,31.3,81.0,2.4,42.4,50.0,8.8,0.0,
Josh Gordon,23.0,CLE,5.0,5.0,47.0,24.0,303.0,12.6,0.0,16.0,40.4,32.0,4.8,60.6,51.1,6.4,0.0,
Chris Johnson,29.0,NYJ,16.0,6.0,34.0,24.0,151.0,6.3,1.0,9.0,38.2,26.0,1.5,9.4,70.6,4.4,1.0,
Jeremy Ross,26.0,DET,16.0,13.0,35.0,24.0,314.0,13.1,1.0,15.0,51.4,59.0,1.5,19.6,68.6,9.0,4.0,
Kyle Rudolph,25.0,MIN,9.0,8.0,34.0,24.0,231.0,9.6,2.0,13.0,64.7,23.0,2.7,25.7,70.6,6.8,1.0,
Dion Sims,23.0,MIA,14.0,2.0,36.0,24.0,284.0,11.8,2.0,13.0,58.3,38.0,1.7,20.3,66.7,7.9,0.0,
Victor Cruz,28.0,NYG,6.0,6.0,41.0,23.0,337.0,14.7,1.0,13.0,43.9,61.0,3.8,56.2,56.1,8.2,0.0,
Jeff Cumberland,27.0,NYJ,16.0,14.0,47.0,23.0,247.0,10.7,3.0,12.0,36.2,28.0,1.4,15.4,48.9,5.3,0.0,
Chase Ford,24.0,MIN,11.0,5.0,35.0,23.0,258.0,11.2,1.0,15.0,57.1,22.0,2.1,23.5,65.7,7.4,0.0,
Denard Robinson,24.0,JAX,13.0,9.0,31.0,23.0,124.0,5.4,0.0,7.0,32.3,19.0,1.8,9.5,74.2,4.0,2.0,
De'Anthony Thomas,21.0,KAN,12.0,3.0,31.0,23.0,156.0,6.8,0.0,8.0,38.7,30.0,1.9,13.0,74.2,5.0,0.0,
Jaron Brown,24.0,ARI,16.0,2.0,32.0,22.0,229.0,10.4,2.0,14.0,53.1,26.0,1.4,14.3,68.8,7.2,1.0,
Brandon Myers,29.0,TAM,14.0,6.0,32.0,22.0,190.0,8.6,0.0,8.0,43.8,26.0,1.6,13.6,68.8,5.9,0.0,
Leon Washington,32.0,TEN,16.0,0.0,31.0,22.0,159.0,7.2,2.0,8.0,32.3,25.0,1.4,9.9,71.0,5.1,3.0,
Luke Willson,24.0,SEA,15.0,10.0,40.0,22.0,362.0,16.5,3.0,14.0,40.0,80.0,1.5,24.1,55.0,9.1,0.0,
Corey Brown,23.0,CAR,13.0,3.0,36.0,21.0,296.0,14.1,2.0,12.0,50.0,47.0,1.6,22.8,58.3,8.2,3.0,
Brice Butler,24.0,OAK,15.0,0.0,35.0,21.0,280.0,13.3,2.0,14.0,51.4,55.0,1.4,18.7,60.0,8.0,0.0,
Dan Herron,25.0,IND,16.0,3.0,26.0,21.0,173.0,8.2,0.0,7.0,50.0,26.0,1.3,10.8,80.8,6.7,2.0,
Ronnie Hillman,23.0,DEN,8.0,4.0,34.0,21.0,139.0,6.6,1.0,7.0,32.4,16.0,2.6,17.4,61.8,4.1,1.0,
Austin Seferian-Jenkins,22.0,TAM,9.0,9.0,38.0,21.0,221.0,10.5,2.0,12.0,50.0,30.0,2.3,24.6,55.3,5.8,1.0,
Damien Williams,22.0,MIA,16.0,0.0,27.0,21.0,187.0,8.9,1.0,13.0,63.0,32.0,1.3,11.7,77.8,6.9,0.0,
Kenbrell Thompkins,26.0,2TM,14.0,7.0,48.0,21.0,262.0,12.5,0.0,13.0,33.3,50.0,1.5,18.7,43.8,5.5,0.0,
Toby Gerhart,27.0,JAX,14.0,7.0,24.0,20.0,186.0,9.3,0.0,10.0,62.5,26.0,1.4,13.3,83.3,7.8,1.0,
Steven Jackson,31.0,ATL,15.0,15.0,27.0,20.0,148.0,7.4,0.0,6.0,48.1,17.0,1.3,9.9,74.1,5.5,0.0,
Richard Rodgers,22.0,GNB,16.0,5.0,30.0,20.0,225.0,11.3,2.0,10.0,50.0,43.0,1.3,14.1,66.7,7.5,0.0,
Ben Watson,34.0,NOR,16.0,8.0,31.0,20.0,136.0,6.8,2.0,9.0,35.5,15.0,1.3,8.5,64.5,4.4,0.0,
Rhett Ellison,26.0,MIN,16.0,13.0,26.0,19.0,208.0,10.9,1.0,12.0,61.5,40.0,1.2,13.0,73.1,8.0,0.0,
Ladarius Green,24.0,SDG,14.0,4.0,25.0,19.0,226.0,11.9,0.0,12.0,60.0,28.0,1.4,16.1,76.0,9.0,0.0,
Derek Hagan,30.0,TEN,16.0,3.0,34.0,19.0,254.0,13.4,1.0,10.0,35.3,38.0,1.2,15.9,55.9,7.5,0.0,
Kyle Juszczyk,23.0,BAL,16.0,14.0,27.0,19.0,182.0,9.6,1.0,6.0,59.3,33.0,1.2,11.4,70.4,6.7,2.0,
Charles Sims,24.0,TAM,8.0,0.0,27.0,19.0,190.0,10.0,0.0,7.0,37.0,24.0,2.4,23.8,70.4,7.0,2.0,
C.J. Spiller,27.0,BUF,9.0,5.0,22.0,19.0,125.0,6.6,1.0,7.0,59.1,25.0,2.1,13.9,86.4,5.7,3.0,
Travis Benjamin,25.0,CLE,16.0,0.0,46.0,18.0,314.0,17.4,3.0,14.0,37.0,43.0,1.1,19.6,39.1,6.8,2.0,
Jack Doyle,24.0,IND,16.0,1.0,22.0,18.0,118.0,6.6,2.0,7.0,59.1,20.0,1.1,7.4,81.8,5.4,0.0,
Lance Dunbar,24.0,DAL,16.0,0.0,22.0,18.0,217.0,12.1,0.0,12.0,59.1,40.0,1.1,13.6,81.8,9.9,0.0,
Garrett Graham,28.0,HOU,11.0,9.0,28.0,18.0,197.0,10.9,1.0,10.0,50.0,26.0,1.6,17.9,64.3,7.0,0.0,
Chris Ivory,26.0,NYJ,16.0,10.0,27.0,18.0,123.0,6.8,1.0,4.0,40.7,23.0,1.1,7.7,66.7,4.6,2.0,
Marcedes Lewis,30.0,JAX,8.0,8.0,31.0,18.0,206.0,11.4,2.0,10.0,48.4,63.0,2.3,25.8,58.1,6.6,0.0,
Bruce Miller,27.0,SFO,16.0,8.0,25.0,18.0,189.0,10.5,2.0,11.0,60.0,22.0,1.1,11.8,72.0,7.6,1.0,
Bishop Sankey,22.0,TEN,16.0,9.0,23.0,18.0,133.0,7.4,0.0,5.0,47.8,18.0,1.1,8.3,78.3,5.8,2.0,
Zac Stacy,23.0,STL,13.0,5.0,23.0,18.0,152.0,8.4,0.0,9.0,60.9,17.0,1.4,11.7,78.3,6.6,2.0,
James Starks,28.0,GNB,16.0,0.0,29.0,18.0,140.0,7.8,0.0,6.0,34.5,28.0,1.1,8.8,62.1,4.8,1.0,
Andre Williams,22.0,NYG,16.0,7.0,37.0,18.0,130.0,7.2,0.0,6.0,27.0,24.0,1.1,8.1,48.6,3.5,1.0,
Jim Dray,28.0,CLE,16.0,8.0,27.0,17.0,242.0,14.2,1.0,12.0,51.9,31.0,1.1,15.1,63.0,9.0,0.0,
Alfred Morris,26.0,WAS,16.0,16.0,26.0,17.0,155.0,9.1,0.0,8.0,38.5,26.0,1.1,9.7,65.4,6.0,2.0,PB
Latavius Murray,24.0,OAK,15.0,3.0,23.0,17.0,143.0,8.4,0.0,3.0,30.4,46.0,1.1,9.5,73.9,6.2,1.0,
Brandon Tate,27.0,CIN,16.0,4.0,26.0,17.0,193.0,11.4,1.0,12.0,53.8,50.0,1.1,12.1,65.4,7.4,2.0,
Nick Toon,26.0,NOR,8.0,2.0,23.0,17.0,215.0,12.6,1.0,13.0,73.9,24.0,2.1,26.9,73.9,9.3,1.0,
Marquess Wilson,22.0,CHI,7.0,6.0,32.0,17.0,140.0,8.2,1.0,7.0,40.6,17.0,2.4,20.0,53.1,4.4,0.0,
Bryce Brown,23.0,BUF,7.0,2.0,25.0,16.0,176.0,11.0,0.0,8.0,60.0,40.0,2.3,25.1,64.0,7.0,1.0,
Knile Davis,23.0,KAN,16.0,1.0,25.0,16.0,147.0,9.2,1.0,6.0,32.0,70.0,1.0,9.2,64.0,5.9,4.0,
Daniel Fells,31.0,NYG,16.0,9.0,20.0,16.0,188.0,11.8,4.0,12.0,80.0,27.0,1.0,11.8,80.0,9.4,1.0,
Tre Mason,21.0,STL,12.0,9.0,26.0,16.0,148.0,9.3,1.0,8.0,46.2,35.0,1.3,12.3,61.5,5.7,2.0,
Dennis Pitta,29.0,BAL,3.0,3.0,21.0,16.0,125.0,7.8,0.0,7.0,61.9,24.0,5.3,41.7,76.2,6.0,0.0,
Dante Rosario,30.0,CHI,16.0,3.0,22.0,16.0,116.0,7.3,0.0,3.0,45.5,22.0,1.0,7.3,72.7,5.3,1.0,
Robert Turbin,25.0,SEA,16.0,3.0,20.0,16.0,186.0,11.6,2.0,9.0,65.0,34.0,1.0,11.6,80.0,9.3,1.0,
Albert Wilson,22.0,KAN,12.0,2.0,28.0,16.0,260.0,16.3,0.0,12.0,53.6,48.0,1.3,21.7,57.1,9.3,0.0,
Donnie Avery,30.0,KAN,6.0,3.0,26.0,15.0,176.0,11.7,0.0,8.0,50.0,27.0,2.5,29.3,57.7,6.8,1.0,
Alfred Blue,23.0,HOU,16.0,3.0,18.0,15.0,113.0,7.5,1.0,7.0,66.7,22.0,0.9,7.1,83.3,6.3,0.0,
Corey Fuller,24.0,DET,16.0,2.0,31.0,14.0,212.0,15.1,1.0,11.0,45.2,52.0,0.9,13.3,45.2,6.8,1.0,
Ted Ginn Jr.,29.0,ARI,16.0,0.0,26.0,14.0,190.0,13.6,0.0,9.0,42.3,27.0,0.9,11.9,53.8,7.3,2.0,
Josh Hill,24.0,NOR,16.0,3.0,20.0,14.0,176.0,12.6,5.0,9.0,60.0,37.0,0.9,11.0,70.0,8.8,0.0,
Brandon Lloyd,33.0,SFO,14.0,3.0,35.0,14.0,294.0,21.0,1.0,11.0,37.1,80.0,1.0,21.0,40.0,8.4,0.0,
Lance Moore,31.0,PIT,14.0,2.0,26.0,14.0,198.0,14.1,2.0,11.0,42.3,29.0,1.0,14.1,53.8,7.6,0.0,
Jacob Tamme,29.0,DEN,15.0,0.0,28.0,14.0,109.0,7.8,2.0,4.0,39.3,26.0,0.9,7.3,50.0,3.9,1.0,
Gary Barnidge,29.0,CLE,13.0,2.0,25.0,13.0,156.0,12.0,0.0,9.0,40.0,28.0,1.0,12.0,52.0,6.2,0.0,
Brenton Bersin,24.0,CAR,15.0,1.0,20.0,13.0,151.0,11.6,1.0,11.0,65.0,29.0,0.9,10.1,65.0,7.6,2.0,
Doug Martin,25.0,TAM,11.0,11.0,20.0,13.0,64.0,4.9,0.0,3.0,25.0,20.0,1.2,5.8,65.0,3.2,0.0,
Logan Paulsen,27.0,WAS,16.0,12.0,16.0,13.0,78.0,6.0,1.0,2.0,50.0,16.0,0.8,4.9,81.3,4.9,1.0,
Antone Smith,29.0,ATL,10.0,0.0,15.0,13.0,222.0,17.1,3.0,5.0,66.7,74.0,1.3,22.2,86.7,14.8,1.0,
Daniel Thomas,27.0,MIA,12.0,0.0,19.0,13.0,121.0,9.3,0.0,8.0,47.4,25.0,1.1,10.1,68.4,6.4,1.0,
Justin Brown,23.0,PIT,8.0,1.0,21.0,12.0,94.0,7.8,0.0,4.0,47.6,18.0,1.5,11.8,57.1,4.5,1.0,
Vincent Brown,25.0,OAK,7.0,0.0,21.0,12.0,118.0,9.8,0.0,6.0,47.6,20.0,1.7,16.9,57.1,5.6,0.0,
Cooper Helfet,25.0,SEA,10.0,2.0,24.0,12.0,185.0,15.4,2.0,9.0,41.7,36.0,1.2,18.5,50.0,7.7,0.0,
Junior Hemingway,26.0,KAN,14.0,1.0,22.0,12.0,108.0,9.0,0.0,8.0,45.5,17.0,0.9,7.7,54.5,4.9,0.0,
Carlos Hyde,24.0,SFO,14.0,0.0,16.0,12.0,68.0,5.7,0.0,4.0,25.0,16.0,0.9,4.9,75.0,4.3,1.0,
Dontrelle Inman,25.0,SDG,7.0,0.0,17.0,12.0,158.0,13.2,0.0,7.0,70.6,28.0,1.7,22.6,70.6,9.3,0.0,
Rishard Matthews,25.0,MIA,14.0,0.0,22.0,12.0,135.0,11.3,2.0,9.0,45.5,23.0,0.9,9.6,54.5,6.1,1.0,
Denarius Moore,26.0,OAK,10.0,2.0,27.0,12.0,115.0,9.6,0.0,6.0,29.6,28.0,1.2,11.5,44.4,4.3,1.0,
Austin Pettis,26.0,STL,5.0,0.0,17.0,12.0,118.0,9.8,1.0,7.0,64.7,27.0,2.4,23.6,70.6,6.9,0.0,
Mike Tolbert,29.0,CAR,8.0,6.0,17.0,12.0,93.0,7.8,0.0,4.0,23.5,18.0,1.5,11.6,70.6,5.5,0.0,
Chris Givens,25.0,STL,14.0,0.0,20.0,11.0,159.0,14.5,1.0,5.0,35.0,47.0,0.8,11.4,55.0,8.0,0.0,
Frank Gore,31.0,SFO,16.0,16.0,19.0,11.0,111.0,10.1,1.0,2.0,26.3,55.0,0.7,6.9,57.9,5.8,2.0,
Maurice Jones-Drew,29.0,OAK,12.0,1.0,16.0,11.0,71.0,6.5,0.0,3.0,43.8,12.0,0.9,5.9,68.8,4.4,1.0,
Ricardo Lockette,28.0,SEA,16.0,0.0,15.0,11.0,195.0,17.7,2.0,5.0,53.3,48.0,0.7,12.2,73.3,13.0,0.0,
Bilal Powell,26.0,NYJ,15.0,1.0,15.0,11.0,92.0,8.4,0.0,5.0,33.3,20.0,0.7,6.1,73.3,6.1,0.0,
Stepfan Taylor,23.0,ARI,14.0,4.0,15.0,11.0,79.0,7.2,3.0,5.0,53.3,18.0,0.8,5.6,73.3,5.3,0.0,
Terrance West,23.0,CLE,14.0,6.0,13.0,11.0,64.0,5.8,1.0,3.0,38.5,11.0,0.8,4.6,84.6,4.9,2.0,
Darrel Young,27.0,WAS,16.0,10.0,14.0,11.0,81.0,7.4,2.0,6.0,50.0,20.0,0.7,5.1,78.6,5.8,0.0,
Ed Dickson,27.0,CAR,16.0,10.0,17.0,10.0,115.0,11.5,1.0,9.0,52.9,34.0,0.6,7.2,58.8,6.8,1.0,
Crockett Gillmore,23.0,BAL,15.0,1.0,15.0,10.0,121.0,12.1,1.0,8.0,66.7,22.0,0.7,8.1,66.7,8.1,0.0,
Ryan Griffin,24.0,HOU,16.0,2.0,16.0,10.0,91.0,9.1,1.0,5.0,56.3,25.0,0.6,5.7,62.5,5.7,0.0,
Ryan Hewitt,23.0,CIN,16.0,11.0,15.0,10.0,86.0,8.6,0.0,3.0,46.7,19.0,0.6,5.4,66.7,5.7,0.0,
Peyton Hillis,28.0,NYG,9.0,0.0,16.0,10.0,87.0,8.7,0.0,2.0,37.5,26.0,1.1,9.7,62.5,5.4,0.0,
Josh Morgan,29.0,CHI,14.0,7.0,19.0,10.0,70.0,7.0,1.0,4.0,42.1,13.0,0.7,5.0,52.6,3.7,0.0,
Santana Moss,35.0,WAS,10.0,0.0,15.0,10.0,116.0,11.6,0.0,6.0,53.3,19.0,1.0,11.6,66.7,7.7,0.0,
Brandon Pettigrew,29.0,DET,14.0,9.0,15.0,10.0,70.0,7.0,0.0,4.0,33.3,13.0,0.7,5.0,66.7,4.7,0.0,
Anthony Sherman,26.0,KAN,16.0,6.0,14.0,10.0,71.0,7.1,1.0,4.0,28.6,24.0,0.6,4.4,71.4,5.1,0.0,AP-2
Eric Weems,29.0,ATL,16.0,0.0,11.0,10.0,102.0,10.2,2.0,5.0,81.8,40.0,0.6,6.4,90.9,9.3,0.0,
LeGarrette Blount,28.0,2TM,16.0,1.0,12.0,10.0,54.0,5.4,0.0,4.0,41.7,13.0,0.6,3.4,83.3,4.5,1.0,
Montee Ball,24.0,DEN,5.0,3.0,13.0,9.0,62.0,6.9,0.0,2.0,30.8,16.0,1.8,12.4,69.2,4.8,1.0,
Joe Banyard,26.0,MIN,15.0,0.0,11.0,9.0,62.0,6.9,0.0,4.0,54.5,12.0,0.6,4.1,81.8,5.6,0.0,
Derek Carrier,24.0,SFO,11.0,1.0,14.0,9.0,105.0,11.7,0.0,4.0,64.3,23.0,0.8,9.5,64.3,7.5,1.0,
Isaiah Crowell,21.0,CLE,16.0,4.0,14.0,9.0,87.0,9.7,0.0,4.0,50.0,19.0,0.6,5.4,64.3,6.2,3.0,
Patrick DiMarco,25.0,ATL,16.0,7.0,14.0,9.0,62.0,6.9,1.0,4.0,42.9,16.0,0.6,3.9,64.3,4.4,0.0,
Gavin Escobar,23.0,DAL,16.0,1.0,13.0,9.0,105.0,11.7,4.0,7.0,69.2,26.0,0.6,6.6,69.2,8.1,0.0,
Rob Housler,26.0,ARI,15.0,7.0,17.0,9.0,129.0,14.3,0.0,7.0,47.1,27.0,0.6,8.6,52.9,7.6,1.0,
A.J. Jenkins,25.0,KAN,9.0,2.0,15.0,9.0,93.0,10.3,0.0,5.0,40.0,27.0,1.0,10.3,60.0,6.2,1.0,
Jacoby Jones,30.0,BAL,16.0,0.0,18.0,9.0,131.0,14.6,0.0,6.0,44.4,31.0,0.6,8.2,50.0,7.3,4.0,
Erik Lorig,28.0,NOR,10.0,6.0,10.0,9.0,27.0,3.0,1.0,2.0,30.0,14.0,0.9,2.7,90.0,2.7,1.0,
Ryan Mathews,27.0,SDG,6.0,6.0,10.0,9.0,69.0,7.7,0.0,4.0,80.0,16.0,1.5,11.5,90.0,6.9,1.0,
Kevin Norwood,25.0,SEA,9.0,2.0,10.0,9.0,102.0,11.3,0.0,5.0,60.0,31.0,1.0,11.3,90.0,10.2,0.0,
Dane Sanzenbacher,26.0,CIN,10.0,1.0,15.0,9.0,105.0,11.7,0.0,5.0,60.0,26.0,0.9,10.5,60.0,7.0,1.0,
Rod Streater,26.0,OAK,3.0,3.0,13.0,9.0,84.0,9.3,1.0,5.0,61.5,17.0,3.0,28.0,69.2,6.5,0.0,
Ben Tate,26.0,2TM,11.0,6.0,12.0,9.0,60.0,6.7,0.0,3.0,25.0,23.0,0.8,5.5,75.0,5.0,0.0,
MarQueis Gray,25.0,2TM,13.0,5.0,11.0,9.0,134.0,14.9,0.0,4.0,81.8,41.0,0.7,10.3,81.8,12.2,0.0,
Anthony Dixon,27.0,BUF,16.0,0.0,9.0,8.0,49.0,6.1,0.0,3.0,55.6,10.0,0.5,3.1,88.9,5.4,1.0,
Cory Harkey,24.0,STL,16.0,13.0,11.0,8.0,55.0,6.9,1.0,5.0,54.5,21.0,0.5,3.4,72.7,5.0,0.0,
Santonio Holmes,30.0,CHI,9.0,2.0,14.0,8.0,67.0,8.4,0.0,6.0,50.0,15.0,0.9,7.4,57.1,4.8,1.0,
Josh Huff,23.0,PHI,12.0,0.0,18.0,8.0,98.0,12.3,0.0,4.0,38.9,44.0,0.7,8.2,44.4,5.4,1.0,
Robert Hughes,25.0,ARI,16.0,4.0,12.0,8.0,140.0,17.5,0.0,7.0,66.7,49.0,0.5,8.8,66.7,11.7,0.0,
Tony Moeaki,27.0,SEA,6.0,2.0,13.0,8.0,134.0,16.8,1.0,6.0,46.2,63.0,1.3,22.3,61.5,10.3,0.0,
David Nelson,28.0,NYJ,6.0,5.0,16.0,8.0,65.0,8.1,0.0,4.0,37.5,17.0,1.3,10.8,50.0,4.1,2.0,
Silas Redd,22.0,WAS,15.0,0.0,10.0,8.0,107.0,13.4,0.0,5.0,60.0,37.0,0.5,7.1,80.0,10.7,1.0,
Khiry Robinson,25.0,NOR,10.0,3.0,11.0,8.0,63.0,7.9,0.0,3.0,27.3,17.0,0.8,6.3,72.7,5.7,2.0,
Greg Salas,26.0,NYJ,10.0,2.0,23.0,8.0,167.0,20.9,0.0,6.0,34.8,51.0,0.8,16.7,34.8,7.3,0.0,
Lorenzo Taliaferro,23.0,BAL,13.0,0.0,10.0,8.0,114.0,14.3,0.0,4.0,50.0,29.0,0.6,8.8,80.0,11.4,1.0,
Adam Thielen,24.0,MIN,16.0,2.0,13.0,8.0,137.0,17.1,1.0,7.0,53.8,44.0,0.5,8.6,61.5,10.5,0.0,
Mike Williams,27.0,BUF,9.0,0.0,19.0,8.0,142.0,17.8,1.0,3.0,31.6,80.0,0.9,15.8,42.1,7.5,0.0,
Dri Archer,23.0,PIT,12.0,0.0,10.0,7.0,23.0,3.3,0.0,0.0,30.0,15.0,0.6,1.9,70.0,2.3,0.0,
Mike Brown,25.0,JAX,5.0,1.0,15.0,7.0,88.0,12.6,0.0,5.0,40.0,17.0,1.4,17.6,46.7,5.9,1.0,
Rex Burkhead,24.0,CIN,9.0,0.0,10.0,7.0,49.0,7.0,0.0,3.0,40.0,15.0,0.8,5.4,70.0,4.9,0.0,
Michael Campanaro,23.0,BAL,4.0,0.0,9.0,7.0,102.0,14.6,1.0,5.0,66.7,19.0,1.8,25.5,77.8,11.3,0.0,
Chris Gragg,24.0,BUF,10.0,5.0,10.0,7.0,48.0,6.9,1.0,4.0,60.0,14.0,0.7,4.8,70.0,4.8,0.0,
Ryan Grant,24.0,WAS,16.0,2.0,15.0,7.0,68.0,9.7,0.0,4.0,40.0,21.0,0.4,4.3,46.7,4.5,0.0,
Marion Grice,23.0,ARI,10.0,0.0,11.0,7.0,29.0,4.1,0.0,3.0,36.4,15.0,0.7,2.9,63.6,2.6,0.0,
Dwayne Harris,27.0,DAL,16.0,0.0,12.0,7.0,116.0,16.6,0.0,2.0,50.0,56.0,0.4,7.3,58.3,9.7,4.0,
Robert Meachem,30.0,NOR,11.0,2.0,20.0,7.0,114.0,16.3,0.0,7.0,35.0,25.0,0.6,10.4,35.0,5.7,0.0,
Lee Smith,27.0,BUF,14.0,10.0,8.0,7.0,42.0,6.0,1.0,3.0,62.5,18.0,0.5,3.0,87.5,5.3,0.0,
Luke Stocker,26.0,TAM,13.0,7.0,11.0,7.0,41.0,5.9,0.0,2.0,45.5,11.0,0.5,3.2,63.6,3.7,0.0,
Will Ta'ufo'ou,28.0,JAX,16.0,4.0,8.0,7.0,81.0,11.6,0.0,5.0,75.0,26.0,0.4,5.1,87.5,10.1,0.0,
Chase Coffman,28.0,TEN,13.0,3.0,14.0,6.0,64.0,10.7,1.0,4.0,28.6,18.0,0.5,4.9,42.9,4.6,0.0,
James Develin,26.0,NWE,16.0,4.0,8.0,6.0,43.0,7.2,0.0,3.0,37.5,13.0,0.4,2.7,75.0,5.4,1.0,
Kris Durham,26.0,TEN,4.0,0.0,11.0,6.0,54.0,9.0,0.0,2.0,36.4,14.0,1.5,13.5,54.5,4.9,0.0,
Bruce Ellington,23.0,SFO,13.0,0.0,12.0,6.0,62.0,10.3,2.0,5.0,41.7,20.0,0.5,4.8,50.0,5.2,1.0,
Joseph Fauria,24.0,DET,7.0,0.0,12.0,6.0,74.0,12.3,1.0,4.0,41.7,26.0,0.9,10.6,50.0,6.2,0.0,
Virgil Green,26.0,DEN,13.0,9.0,6.0,6.0,74.0,12.3,1.0,5.0,100.0,38.0,0.5,5.7,100.0,12.3,0.0,
Jonathan Grimes,25.0,HOU,16.0,0.0,8.0,6.0,86.0,14.3,0.0,4.0,62.5,31.0,0.4,5.4,75.0,10.8,0.0,
Robert Herron,22.0,TAM,8.0,0.0,12.0,6.0,58.0,9.7,1.0,3.0,50.0,16.0,0.8,7.3,50.0,4.8,0.0,
Jerrel Jernigan,25.0,NYG,2.0,1.0,9.0,6.0,40.0,6.7,0.0,2.0,33.3,11.0,3.0,20.0,66.7,4.4,0.0,
Will Johnson,25.0,PIT,16.0,5.0,9.0,6.0,41.0,6.8,0.0,3.0,44.4,18.0,0.4,2.6,66.7,4.6,0.0,
Brian Leonhardt,24.0,OAK,12.0,3.0,8.0,6.0,35.0,5.8,1.0,2.0,62.5,12.0,0.5,2.9,75.0,4.4,0.0,
Greg Little,25.0,CIN,6.0,1.0,12.0,6.0,69.0,11.5,0.0,3.0,41.7,21.0,1.0,11.5,50.0,5.8,0.0,
Keshawn Martin,24.0,HOU,16.0,0.0,12.0,6.0,78.0,13.0,0.0,3.0,33.3,32.0,0.4,4.9,50.0,6.5,0.0,
Joe McKnight,26.0,KAN,2.0,0.0,7.0,6.0,64.0,10.7,2.0,5.0,85.7,26.0,3.0,32.0,85.7,9.1,0.0,
Zach Miller,29.0,SEA,3.0,3.0,7.0,6.0,76.0,12.7,0.0,3.0,71.4,24.0,2.0,25.3,85.7,10.9,0.0,
Ace Sanders,23.0,JAX,12.0,0.0,7.0,6.0,55.0,9.2,0.0,1.0,42.9,24.0,0.5,4.6,85.7,7.9,2.0,
Chris Thompson,24.0,WAS,2.0,0.0,7.0,6.0,27.0,4.5,1.0,2.0,28.6,9.0,3.0,13.5,85.7,3.9,0.0,
Zurlon Tipton,24.0,IND,6.0,0.0,6.0,6.0,68.0,11.3,1.0,5.0,83.3,32.0,1.0,11.3,100.0,11.3,0.0,
Bryan Walters,27.0,SEA,13.0,0.0,11.0,6.0,57.0,9.5,0.0,3.0,36.4,17.0,0.5,4.4,54.5,5.2,0.0,
Chris Owusu,24.0,2TM,8.0,0.0,6.0,6.0,78.0,13.0,1.0,4.0,83.3,36.0,0.8,9.8,100.0,13.0,0.0,
Jackie Battle,31.0,TEN,16.0,1.0,5.0,5.0,28.0,5.6,0.0,2.0,60.0,12.0,0.3,1.8,100.0,5.6,0.0,
Kevin Brock,28.0,CIN,14.0,2.0,6.0,5.0,21.0,4.2,0.0,2.0,50.0,10.0,0.4,1.5,83.3,3.5,0.0,
Andre Caldwell,29.0,DEN,16.0,2.0,15.0,5.0,47.0,9.4,0.0,4.0,26.7,15.0,0.3,2.9,33.3,3.1,0.0,
Ka'Deem Carey,22.0,CHI,14.0,0.0,6.0,5.0,57.0,11.4,0.0,2.0,66.7,18.0,0.4,4.1,83.3,9.5,0.0,
Jed Collins,28.0,DET,16.0,2.0,6.0,5.0,39.0,7.8,1.0,2.0,50.0,24.0,0.3,2.4,83.3,6.5,0.0,
Darren Fells,28.0,ARI,10.0,5.0,12.0,5.0,71.0,14.2,0.0,4.0,33.3,24.0,0.5,7.1,41.7,5.9,0.0,
Jeff Maehl,25.0,PHI,8.0,0.0,5.0,5.0,46.0,9.2,0.0,1.0,60.0,15.0,0.6,5.8,100.0,9.2,0.0,
Kevin Ogletree,27.0,NYG,7.0,0.0,9.0,5.0,50.0,10.0,0.0,2.0,55.6,15.0,0.7,7.1,55.6,5.6,0.0,
Jamize Olawale,25.0,OAK,16.0,0.0,6.0,5.0,18.0,3.6,2.0,2.0,66.7,7.0,0.3,1.1,83.3,3.0,0.0,
Darrin Reaves,21.0,CAR,6.0,1.0,8.0,5.0,31.0,6.2,0.0,1.0,37.5,16.0,0.8,5.2,62.5,3.9,0.0,
Adrien Robinson,26.0,NYG,16.0,1.0,7.0,5.0,50.0,10.0,1.0,3.0,57.1,29.0,0.3,3.1,71.4,7.1,0.0,
Zach Sudfeld,25.0,NYJ,16.0,3.0,7.0,5.0,85.0,17.0,0.0,3.0,71.4,38.0,0.3,5.3,71.4,12.1,0.0,
Frank Summers,29.0,BUF,10.0,6.0,8.0,5.0,9.0,1.8,0.0,0.0,0.0,4.0,0.5,0.9,62.5,1.1,0.0,
Brian Tyms,25.0,NWE,11.0,2.0,11.0,5.0,82.0,16.4,1.0,3.0,36.4,43.0,0.5,7.5,45.5,7.5,0.0,
Corey Washington,23.0,NYG,14.0,0.0,8.0,5.0,52.0,10.4,1.0,4.0,50.0,20.0,0.4,3.7,62.5,6.5,0.0,
James White,22.0,NWE,3.0,0.0,5.0,5.0,23.0,4.6,0.0,1.0,40.0,11.0,1.7,7.7,100.0,4.6,0.0,
Fozzy Whittaker,25.0,CAR,10.0,1.0,6.0,5.0,60.0,12.0,1.0,2.0,66.7,26.0,0.5,6.0,83.3,10.0,0.0,
DeAngelo Williams,31.0,CAR,6.0,6.0,6.0,5.0,44.0,8.8,0.0,2.0,66.7,30.0,0.8,7.3,83.3,7.3,1.0,
Danny Woodhead,29.0,SDG,3.0,0.0,6.0,5.0,34.0,6.8,0.0,4.0,83.3,14.0,1.7,11.3,83.3,5.7,0.0,
James Wright,23.0,CIN,11.0,0.0,16.0,5.0,91.0,18.2,0.0,5.0,31.3,30.0,0.5,8.3,31.3,5.7,0.0,
Ronnie Brown,33.0,2TM,10.0,0.0,8.0,5.0,44.0,8.8,0.0,1.0,37.5,24.0,0.5,4.4,62.5,5.5,0.0,
Orleans Darkwa,22.0,2TM,11.0,0.0,6.0,5.0,48.0,9.6,0.0,3.0,66.7,17.0,0.5,4.4,83.3,8.0,0.0,
Seyi Ajirotutu,27.0,SDG,16.0,1.0,12.0,4.0,45.0,11.3,0.0,4.0,33.3,17.0,0.3,2.8,33.3,3.8,0.0,
C.J. Fiedorowicz,23.0,HOU,15.0,8.0,7.0,4.0,28.0,7.0,1.0,1.0,42.9,9.0,0.3,1.9,57.1,4.0,0.0,
Frankie Hammond,24.0,KAN,16.0,3.0,11.0,4.0,45.0,11.3,0.0,2.0,36.4,22.0,0.3,2.8,36.4,4.1,0.0,
James Hanna,25.0,DAL,16.0,12.0,6.0,4.0,48.0,12.0,0.0,3.0,50.0,27.0,0.3,3.0,66.7,8.0,0.0,
John Kuhn,32.0,GNB,16.0,2.0,4.0,4.0,23.0,5.8,0.0,0.0,75.0,9.0,0.3,1.4,100.0,5.8,0.0,"PB,AP-1"
Joe Morgan,26.0,NOR,5.0,2.0,10.0,4.0,92.0,23.0,0.0,3.0,40.0,62.0,0.8,18.4,40.0,9.2,0.0,
Joseph Randle,23.0,DAL,16.0,0.0,5.0,4.0,23.0,5.8,0.0,1.0,40.0,14.0,0.3,1.4,80.0,4.6,2.0,
Stevan Ridley,25.0,NWE,6.0,5.0,5.0,4.0,20.0,5.0,0.0,0.0,60.0,7.0,0.7,3.3,80.0,4.0,0.0,
Russell Shepard,24.0,TAM,16.0,0.0,8.0,4.0,63.0,15.8,0.0,3.0,50.0,23.0,0.3,3.9,50.0,7.9,0.0,
Juwan Thompson,22.0,DEN,15.0,0.0,7.0,4.0,25.0,6.3,0.0,0.0,28.6,14.0,0.3,1.7,57.1,3.6,1.0,
Brandon Williams,27.0,CAR,14.0,0.0,8.0,4.0,44.0,11.0,0.0,4.0,50.0,16.0,0.3,3.1,50.0,5.5,0.0,
Ray Agnew,23.0,CLE,12.0,9.0,9.0,3.0,15.0,5.0,0.0,1.0,11.1,12.0,0.3,1.3,33.3,1.7,0.0,
Jarrett Boykin,25.0,GNB,13.0,3.0,12.0,3.0,23.0,7.7,0.0,1.0,25.0,11.0,0.2,1.8,25.0,1.9,0.0,
James Casey,30.0,PHI,16.0,2.0,3.0,3.0,59.0,19.7,2.0,3.0,100.0,26.0,0.2,3.7,100.0,19.7,0.0,
Aaron Dobson,23.0,NWE,4.0,1.0,5.0,3.0,38.0,12.7,0.0,2.0,60.0,16.0,0.8,9.5,60.0,7.6,0.0,
Tyler Eifert,24.0,CIN,1.0,1.0,3.0,3.0,37.0,12.3,0.0,2.0,66.7,20.0,3.0,37.0,100.0,12.3,0.0,
T.J. Graham,25.0,NYJ,12.0,0.0,8.0,3.0,87.0,29.0,1.0,2.0,37.5,67.0,0.3,7.3,37.5,10.9,0.0,
Demetrius Harris,23.0,KAN,8.0,3.0,5.0,3.0,20.0,6.7,0.0,2.0,40.0,10.0,0.4,2.5,60.0,4.0,0.0,
Darrius Heyward-Bey,27.0,PIT,16.0,1.0,5.0,3.0,33.0,11.0,0.0,1.0,40.0,17.0,0.2,2.1,60.0,6.6,1.0,
Michael Hoomanawanui,26.0,NWE,16.0,12.0,6.0,3.0,44.0,14.7,0.0,2.0,50.0,23.0,0.2,2.8,50.0,7.3,0.0,
Gator Hoskins,23.0,MIA,11.0,0.0,4.0,3.0,21.0,7.0,0.0,2.0,50.0,14.0,0.3,1.9,75.0,5.3,0.0,
Troy Niklas,22.0,ARI,7.0,2.0,3.0,3.0,38.0,12.7,0.0,2.0,100.0,17.0,0.4,5.4,100.0,12.7,0.0,
Quinton Patton,24.0,SFO,4.0,0.0,8.0,3.0,44.0,14.7,0.0,1.0,37.5,35.0,0.8,11.0,37.5,5.5,1.0,
Cedric Peerman,28.0,CIN,16.0,0.0,5.0,3.0,27.0,9.0,0.0,1.0,20.0,17.0,0.2,1.7,60.0,5.4,1.0,
Alfonso Smith,27.0,SFO,6.0,0.0,4.0,3.0,11.0,3.7,0.0,0.0,0.0,5.0,0.5,1.8,75.0,2.8,0.0,
Matt Spaeth,31.0,PIT,15.0,8.0,4.0,3.0,46.0,15.3,1.0,2.0,50.0,33.0,0.2,3.1,75.0,11.5,0.0,
Fitzgerald Toussaint,24.0,BAL,4.0,0.0,6.0,3.0,27.0,9.0,0.0,1.0,50.0,15.0,0.8,6.8,50.0,4.5,0.0,
J.J. Watt,25.0,HOU,16.0,16.0,3.0,3.0,4.0,1.3,3.0,3.0,100.0,2.0,0.2,0.3,100.0,1.3,0.0,"PB,AP-1,AP MVP-2,AP DPoY-1"
Trey Watts,23.0,STL,14.0,0.0,4.0,3.0,18.0,6.0,0.0,2.0,50.0,11.0,0.2,1.3,75.0,4.5,0.0,
Phillip Supernaw,24.0,2TM,8.0,1.0,3.0,3.0,30.0,10.0,0.0,1.0,33.3,29.0,0.4,3.8,100.0,10.0,0.0,
Antonio Andrews,22.0,TEN,4.0,0.0,2.0,2.0,11.0,5.5,0.0,0.0,0.0,6.0,0.5,2.8,100.0,5.5,0.0,
David Ausberry,27.0,OAK,6.0,0.0,4.0,2.0,14.0,7.0,0.0,0.0,0.0,7.0,0.3,2.3,50.0,3.5,0.0,
Tommy Bohanon,24.0,NYJ,4.0,2.0,2.0,2.0,30.0,15.0,0.0,2.0,100.0,16.0,0.5,7.5,100.0,15.0,0.0,
Brandon Bolden,24.0,NWE,16.0,2.0,6.0,2.0,8.0,4.0,0.0,0.0,0.0,4.0,0.1,0.5,33.3,1.3,0.0,
Brandon Bostick,25.0,GNB,13.0,0.0,4.0,2.0,3.0,1.5,1.0,1.0,25.0,2.0,0.2,0.2,50.0,0.8,0.0,
Ryan Broyles,26.0,DET,5.0,0.0,5.0,2.0,25.0,12.5,0.0,2.0,40.0,21.0,0.4,5.0,40.0,5.0,0.0,
Garrett Celek,26.0,SFO,3.0,1.0,2.0,2.0,53.0,26.5,0.0,2.0,100.0,31.0,0.7,17.7,100.0,26.5,0.0,
Derrick Coleman,24.0,SEA,5.0,1.0,2.0,2.0,29.0,14.5,1.0,2.0,100.0,15.0,0.4,5.8,100.0,14.5,0.0,
John Conner,27.0,NYJ,12.0,3.0,3.0,2.0,35.0,17.5,1.0,2.0,66.7,26.0,0.2,2.9,66.7,11.7,0.0,
Michael Cox,26.0,NYG,4.0,0.0,3.0,2.0,9.0,4.5,0.0,0.0,0.0,9.0,0.5,2.3,66.7,3.0,0.0,
Jonathan Dwyer,25.0,ARI,2.0,0.0,3.0,2.0,8.0,4.0,0.0,0.0,0.0,5.0,1.0,4.0,66.7,2.7,0.0,
Gabe Jackson,23.0,OAK,13.0,12.0,2.0,2.0,-5.0,-2.5,0.0,0.0,0.0,1.0,0.2,-0.4,100.0,-2.5,0.0,
Nic Jacobs,23.0,JAX,13.0,4.0,3.0,2.0,16.0,8.0,1.0,2.0,66.7,14.0,0.2,1.2,66.7,5.3,0.0,
Jeff Janis,23.0,GNB,3.0,0.0,2.0,2.0,16.0,8.0,0.0,2.0,100.0,9.0,0.7,5.3,100.0,8.0,0.0,
Austin Johnson,25.0,NOR,7.0,1.0,2.0,2.0,15.0,7.5,1.0,2.0,100.0,13.0,0.3,2.1,100.0,7.5,0.0,
Tavarres King,24.0,TAM,2.0,0.0,3.0,2.0,13.0,6.5,0.0,1.0,66.7,7.0,1.0,6.5,66.7,4.3,0.0,
Cody Latimer,22.0,DEN,8.0,0.0,4.0,2.0,23.0,11.5,0.0,1.0,50.0,14.0,0.3,2.9,50.0,5.8,0.0,
Vance McDonald,24.0,SFO,8.0,4.0,8.0,2.0,30.0,15.0,0.0,0.0,0.0,21.0,0.3,3.8,25.0,3.8,1.0,
Bear Pascoe,28.0,ATL,16.0,2.0,2.0,2.0,3.0,1.5,1.0,1.0,50.0,2.0,0.1,0.2,100.0,1.5,0.0,
Adrian Peterson,29.0,MIN,1.0,1.0,3.0,2.0,18.0,9.0,0.0,1.0,66.7,9.0,2.0,18.0,66.7,6.0,0.0,
Bernard Pierce,23.0,BAL,13.0,2.0,6.0,2.0,13.0,6.5,0.0,0.0,16.7,7.0,0.2,1.0,33.3,2.2,1.0,
Chris Polk,25.0,PHI,14.0,0.0,3.0,2.0,16.0,8.0,0.0,1.0,33.3,15.0,0.1,1.1,66.7,5.3,1.0,
Craig Stevens,30.0,TEN,5.0,4.0,2.0,2.0,26.0,13.0,0.0,1.0,100.0,20.0,0.4,5.2,100.0,13.0,0.0,
Devin Street,23.0,DAL,16.0,0.0,7.0,2.0,18.0,9.0,0.0,1.0,28.6,9.0,0.1,1.1,28.6,2.6,0.0,
Taylor Thompson,25.0,TEN,3.0,1.0,4.0,2.0,24.0,12.0,0.0,2.0,50.0,13.0,0.7,8.0,50.0,6.0,0.0,
Griff Whalen,24.0,IND,10.0,0.0,3.0,2.0,23.0,11.5,0.0,2.0,66.7,18.0,0.2,2.3,66.7,7.7,2.0,
Kerwynn Williams,23.0,ARI,5.0,0.0,6.0,2.0,11.0,5.5,0.0,0.0,16.7,6.0,0.4,2.2,33.3,1.8,1.0,
Isa Abdul-Quddus,25.0,DET,16.0,4.0,1.0,1.0,3.0,3.0,0.0,0.0,0.0,3.0,0.1,0.2,100.0,3.0,0.0,
Khalif Barnes,32.0,OAK,14.0,13.0,1.0,1.0,1.0,1.0,0.0,0.0,0.0,1.0,0.1,0.1,100.0,1.0,1.0,
Antwon Blake,24.0,PIT,16.0,1.0,1.0,1.0,25.0,25.0,0.0,1.0,100.0,25.0,0.1,1.6,100.0,25.0,0.0,
Cameron Brate,23.0,TAM,5.0,1.0,1.0,1.0,17.0,17.0,0.0,1.0,100.0,17.0,0.2,3.4,100.0,17.0,0.0,
Drew Brees,35.0,NOR,16.0,16.0,1.0,1.0,1.0,1.0,0.0,0.0,0.0,1.0,0.1,0.1,100.0,1.0,7.0,PB
Anthony Castonzo,26.0,IND,16.0,16.0,1.0,1.0,1.0,1.0,1.0,1.0,100.0,1.0,0.1,0.1,100.0,1.0,0.0,
Tyler Clutts,30.0,DAL,16.0,1.0,1.0,1.0,1.0,1.0,0.0,0.0,0.0,1.0,0.1,0.1,100.0,1.0,0.0,
Josh Cribbs,31.0,IND,6.0,0.0,1.0,1.0,8.0,8.0,0.0,0.0,0.0,8.0,0.2,1.3,100.0,8.0,2.0,
Andy Dalton,27.0,CIN,16.0,16.0,1.0,1.0,18.0,18.0,1.0,1.0,100.0,18.0,0.1,1.1,100.0,18.0,3.0,PB
Kevin Dorsey,24.0,GNB,3.0,0.0,2.0,1.0,4.0,4.0,0.0,0.0,0.0,4.0,0.3,1.3,50.0,2.0,0.0,
Marquise Goodwin,24.0,BUF,10.0,0.0,9.0,1.0,42.0,42.0,0.0,1.0,11.1,42.0,0.1,4.2,11.1,4.7,1.0,
Jonas Gray,24.0,NWE,8.0,3.0,3.0,1.0,7.0,7.0,0.0,0.0,33.3,7.0,0.1,0.9,33.3,2.3,0.0,
Shonn Greene,29.0,TEN,13.0,5.0,3.0,1.0,13.0,13.0,0.0,1.0,33.3,13.0,0.1,1.0,33.3,4.3,1.0,
DuJuan Harris,26.0,GNB,15.0,0.0,2.0,1.0,11.0,11.0,0.0,1.0,50.0,11.0,0.1,0.7,50.0,5.5,0.0,
Shaun Hill,34.0,STL,9.0,8.0,1.0,1.0,0.0,0.0,0.0,0.0,0.0,,0.1,0.0,100.0,0.0,7.0,
Mike James,23.0,TAM,11.0,0.0,1.0,1.0,-5.0,-5.0,0.0,0.0,0.0,-5.0,0.1,-0.5,100.0,-5.0,0.0,
Marcel Jensen,24.0,JAX,1.0,0.0,1.0,1.0,8.0,8.0,0.0,0.0,0.0,8.0,1.0,8.0,100.0,8.0,0.0,
David Johnson,27.0,SDG,14.0,2.0,0.0,1.0,4.0,4.0,0.0,0.0,,4.0,0.1,0.3,,,0.0,
Storm Johnson,22.0,JAX,6.0,1.0,1.0,1.0,-4.0,-4.0,0.0,0.0,0.0,-4.0,0.2,-0.7,100.0,-4.0,0.0,
Karl Klug,26.0,TEN,16.0,0.0,1.0,1.0,9.0,9.0,0.0,1.0,100.0,9.0,0.1,0.6,100.0,9.0,0.0,
Jorvorskie Lane,27.0,TAM,9.0,4.0,1.0,1.0,3.0,3.0,0.0,0.0,0.0,3.0,0.1,0.3,100.0,3.0,0.0,
Brian Leonard,30.0,NOR,1.0,0.0,1.0,1.0,15.0,15.0,0.0,1.0,100.0,15.0,1.0,15.0,100.0,15.0,0.0,
Christine Michael,24.0,SEA,10.0,0.0,2.0,1.0,12.0,12.0,0.0,0.0,50.0,12.0,0.1,1.2,50.0,6.0,1.0,
Knowshon Moreno,27.0,MIA,3.0,0.0,1.0,1.0,8.0,8.0,0.0,0.0,100.0,8.0,0.3,2.7,100.0,8.0,0.0,
Michael Palmer,26.0,PIT,15.0,1.0,2.0,1.0,1.0,1.0,1.0,1.0,50.0,1.0,0.1,0.1,50.0,0.5,0.0,
Donald Penn,31.0,OAK,16.0,16.0,1.0,1.0,3.0,3.0,1.0,1.0,100.0,3.0,0.1,0.2,100.0,3.0,0.0,
Senorise Perry,23.0,CHI,16.0,0.0,1.0,1.0,-1.0,-1.0,0.0,0.0,0.0,-1.0,0.1,-0.1,100.0,-1.0,0.0,
John Phillips,27.0,SDG,16.0,1.0,1.0,1.0,1.0,1.0,1.0,1.0,100.0,1.0,0.1,0.1,100.0,1.0,0.0,
DeVier Posey,24.0,HOU,1.0,1.0,1.0,1.0,30.0,30.0,0.0,1.0,100.0,30.0,1.0,30.0,100.0,30.0,0.0,
Maurkice Pouncey,25.0,PIT,16.0,16.0,1.0,1.0,0.0,0.0,0.0,0.0,0.0,,0.1,0.0,100.0,0.0,0.0,"PB,AP-1"
Jay Prosch,22.0,HOU,16.0,5.0,4.0,1.0,24.0,24.0,0.0,1.0,25.0,24.0,0.1,1.5,25.0,6.0,0.0,
Aldrick Robinson,26.0,WAS,5.0,0.0,0.0,1.0,6.0,6.0,0.0,0.0,,6.0,0.2,1.2,,,0.0,
Courtney Roby,31.0,ATL,4.0,0.0,2.0,1.0,11.0,11.0,0.0,1.0,50.0,11.0,0.3,2.8,50.0,5.5,0.0,
Jalen Saunders,22.0,NOR,6.0,0.0,1.0,1.0,7.0,7.0,0.0,0.0,0.0,7.0,0.2,1.2,100.0,7.0,0.0,
Brian Schwenke,23.0,TEN,11.0,11.0,1.0,1.0,6.0,6.0,0.0,0.0,0.0,6.0,0.1,0.5,100.0,6.0,1.0,
Brad Smith,31.0,PHI,13.0,0.0,3.0,1.0,11.0,11.0,0.0,1.0,33.3,11.0,0.1,0.8,33.3,3.7,0.0,
Micheal Spurlock,31.0,CHI,1.0,0.0,3.0,1.0,8.0,8.0,0.0,0.0,0.0,8.0,1.0,8.0,33.3,2.7,0.0,
Ryan Tannehill,26.0,MIA,16.0,16.0,1.0,1.0,-4.0,-4.0,0.0,0.0,0.0,,0.1,-0.3,100.0,-4.0,9.0,
Will Tukuafu,30.0,SEA,9.0,2.0,2.0,1.0,4.0,4.0,0.0,1.0,50.0,4.0,0.1,0.4,50.0,2.0,0.0,
Joe Webb,28.0,CAR,7.0,0.0,3.0,1.0,16.0,16.0,0.0,1.0,33.3,16.0,0.1,2.3,33.3,5.3,0.0,
Damian Williams,26.0,MIA,1.0,0.0,1.0,1.0,14.0,14.0,0.0,1.0,100.0,14.0,1.0,14.0,100.0,14.0,0.0,
Russell Wilson,26.0,SEA,16.0,16.0,1.0,1.0,17.0,17.0,0.0,1.0,100.0,17.0,0.1,1.1,100.0,17.0,11.0,
Will Allen,32.0,PIT,16.0,4.0,1.0,0.0,0.0,,0.0,0.0,0.0,,0.0,0.0,0.0,0.0,0.0,
Derek Anderson,31.0,CAR,6.0,2.0,0.0,0.0,0.0,,0.0,0.0,,,0.0,0.0,,,2.0,
Edwin Baker,23.0,NOR,3.0,0.0,0.0,0.0,0.0,,0.0,0.0,,,0.0,0.0,,,0.0,
Matt Barkley,24.0,PHI,1.0,0.0,0.0,0.0,0.0,,0.0,0.0,,,0.0,0.0,,,0.0,
Josh Bellamy,25.0,CHI,4.0,0.0,1.0,0.0,0.0,,0.0,0.0,0.0,,0.0,0.0,0.0,0.0,0.0,
Blake Bortles,22.0,JAX,14.0,13.0,0.0,0.0,0.0,,0.0,0.0,,,0.0,0.0,,,7.0,
Tom Brady,37.0,NWE,16.0,16.0,0.0,0.0,0.0,,0.0,0.0,,,0.0,0.0,,,6.0,"PB,AP MVP-5"
Teddy Bridgewater,22.0,MIN,13.0,12.0,0.0,0.0,0.0,,0.0,0.0,,,0.0,0.0,,,3.0,
Eben Britton,27.0,CHI,10.0,0.0,1.0,0.0,0.0,,0.0,0.0,0.0,,0.0,0.0,0.0,0.0,0.0,
David Bruton,27.0,DEN,14.0,1.0,0.0,0.0,0.0,,0.0,0.0,,,0.0,0.0,,,0.0,
Isaiah Burse,23.0,DEN,12.0,0.0,1.0,0.0,0.0,,0.0,0.0,0.0,,0.0,0.0,0.0,0.0,3.0,
Trey Burton,23.0,PHI,15.0,0.0,0.0,0.0,0.0,,0.0,0.0,,,0.0,0.0,,,0.0,
Jason Campbell,32.0,CIN,4.0,0.0,0.0,0.0,0.0,,0.0,0.0,,,0.0,0.0,,,1.0,
Derek Carr,23.0,OAK,16.0,16.0,1.0,0.0,0.0,,0.0,0.0,0.0,,0.0,0.0,0.0,0.0,10.0,
Matt Cassel,32.0,MIN,3.0,3.0,0.0,0.0,0.0,,0.0,0.0,,,0.0,0.0,,,3.0,
Jimmy Clausen,27.0,CHI,4.0,1.0,0.0,0.0,0.0,,0.0,0.0,,,0.0,0.0,,,0.0,
Asante Cleveland,22.0,SFO,6.0,0.0,1.0,0.0,0.0,,0.0,0.0,0.0,,0.0,0.0,0.0,0.0,0.0,
Kirk Cousins,26.0,WAS,6.0,5.0,0.0,0.0,0.0,,0.0,0.0,,,0.0,0.0,,,2.0,
Jay Cutler,31.0,CHI,15.0,15.0,0.0,0.0,0.0,,0.0,0.0,,,0.0,0.0,,,12.0,
Craig Dahl,29.0,SFO,16.0,1.0,0.0,0.0,0.0,,0.0,0.0,,,0.0,0.0,,,0.0,
Chase Daniel,28.0,KAN,3.0,1.0,0.0,0.0,0.0,,0.0,0.0,,,0.0,0.0,,,0.0,
Austin Davis,25.0,STL,10.0,8.0,0.0,0.0,0.0,,0.0,0.0,,,0.0,0.0,,,5.0,
Kellen Davis,29.0,DET,6.0,0.0,3.0,0.0,0.0,,0.0,0.0,0.0,,0.0,0.0,0.0,0.0,0.0,
Shaun Draughn,27.0,SDG,4.0,0.0,0.0,0.0,0.0,,0.0,0.0,,,0.0,0.0,,,0.0,
Jerome Felton,28.0,MIN,16.0,3.0,2.0,0.0,0.0,,0.0,0.0,0.0,,0.0,0.0,0.0,0.0,0.0,
Ryan Fitzpatrick,32.0,HOU,12.0,12.0,0.0,0.0,0.0,,0.0,0.0,,,0.0,0.0,,,5.0,
Joe Flacco,29.0,BAL,16.0,16.0,0.0,0.0,0.0,,0.0,0.0,,,0.0,0.0,,,5.0,
Matt Flynn,29.0,GNB,7.0,0.0,0.0,0.0,0.0,,0.0,0.0,,,0.0,0.0,,,1.0,
Nick Foles,25.0,PHI,8.0,8.0,0.0,0.0,0.0,,0.0,0.0,,,0.0,0.0,,,4.0,
Blaine Gabbert,25.0,SFO,1.0,0.0,0.0,0.0,0.0,,0.0,0.0,,,0.0,0.0,,,0.0,
Jimmy Garoppolo,23.0,NWE,6.0,0.0,0.0,0.0,0.0,,0.0,0.0,,,0.0,0.0,,,0.0,
Mike Glennon,25.0,TAM,6.0,5.0,0.0,0.0,0.0,,0.0,0.0,,,0.0,0.0,,,2.0,
Richard Gordon,27.0,KAN,2.0,1.0,1.0,0.0,0.0,,0.0,0.0,0.0,,0.0,0.0,0.0,0.0,0.0,
Bruce Gradkowski,31.0,PIT,1.0,0.0,0.0,0.0,0.0,,0.0,0.0,,,0.0,0.0,,,0.0,
Cyrus Gray,25.0,KAN,9.0,0.0,0.0,0.0,0.0,,0.0,0.0,,,0.0,0.0,,,0.0,
Robert Griffin III,24.0,WAS,9.0,7.0,0.0,0.0,0.0,,0.0,0.0,,,0.0,0.0,,,9.0,
Leonard Hankerson,25.0,WAS,1.0,0.0,1.0,0.0,0.0,,0.0,0.0,0.0,,0.0,0.0,0.0,0.0,0.0,
Josh Harris,23.0,PIT,5.0,0.0,0.0,0.0,0.0,,0.0,0.0,,,0.0,0.0,,,0.0,
Matt Hasselbeck,39.0,IND,4.0,0.0,0.0,0.0,0.0,,0.0,0.0,,,0.0,0.0,,,1.0,
Chad Henne,29.0,JAX,3.0,3.0,0.0,0.0,0.0,,0.0,0.0,,,0.0,0.0,,,1.0,
Brian Hoyer,29.0,CLE,14.0,13.0,0.0,0.0,0.0,,0.0,0.0,,,0.0,0.0,,,4.0,
Henry Hynoski,26.0,NYG,16.0,4.0,0.0,0.0,0.0,,0.0,0.0,,,0.0,0.0,,,0.0,
LaMichael James,25.0,2TM,3.0,0.0,1.0,0.0,0.0,,0.0,0.0,0.0,,0.0,0.0,0.0,0.0,0.0,
Colin Kaepernick,27.0,SFO,16.0,16.0,0.0,0.0,0.0,,0.0,0.0,,,0.0,0.0,,,8.0,
Case Keenum,26.0,HOU,2.0,2.0,0.0,0.0,0.0,,0.0,0.0,,,0.0,0.0,,,1.0,
Jake Locker,26.0,TEN,7.0,5.0,0.0,0.0,0.0,,0.0,0.0,,,0.0,0.0,,,3.0,
Andrew Luck,25.0,IND,16.0,16.0,0.0,0.0,0.0,,0.0,0.0,,,0.0,0.0,,,13.0,PB
Ryan Mallett,26.0,HOU,3.0,2.0,0.0,0.0,0.0,,0.0,0.0,,,0.0,0.0,,,0.0,
Steve Maneri,26.0,NWE,1.0,0.0,1.0,0.0,0.0,,0.0,0.0,0.0,,0.0,0.0,0.0,0.0,0.0,
Eli Manning,33.0,NYG,16.0,16.0,0.0,0.0,0.0,,0.0,0.0,,,0.0,0.0,,,7.0,
Peyton Manning,38.0,DEN,16.0,16.0,0.0,0.0,0.0,,0.0,0.0,,,0.0,0.0,,,5.0,PB
EJ Manuel,24.0,BUF,5.0,4.0,0.0,0.0,0.0,,0.0,0.0,,,0.0,0.0,,,1.0,
Johnny Manziel,22.0,CLE,5.0,2.0,0.0,0.0,0.0,,0.0,0.0,,,0.0,0.0,,,1.0,
Freddie Martino,23.0,ATL,1.0,0.0,1.0,0.0,0.0,,0.0,0.0,0.0,,0.0,0.0,0.0,0.0,0.0,
Josh McCown,35.0,TAM,11.0,11.0,0.0,0.0,0.0,,0.0,0.0,,,0.0,0.0,,,10.0,
Colt McCoy,28.0,WAS,5.0,4.0,0.0,0.0,0.0,,0.0,0.0,,,0.0,0.0,,,6.0,
Danny McCray,26.0,CHI,15.0,0.0,0.0,0.0,0.0,,0.0,0.0,,,0.0,0.0,,,0.0,
Dewey McDonald,24.0,IND,12.0,0.0,1.0,0.0,0.0,,0.0,0.0,0.0,,0.0,0.0,0.0,0.0,0.0,
Matt McGloin,25.0,OAK,1.0,0.0,0.0,0.0,0.0,,0.0,0.0,,,0.0,0.0,,,0.0,
Zach Mettenberger,23.0,TEN,7.0,6.0,0.0,0.0,0.0,,0.0,0.0,,,0.0,0.0,,,4.0,
Matt Moore,30.0,MIA,2.0,0.0,0.0,0.0,0.0,,0.0,0.0,,,0.0,0.0,,,0.0,
Ryan Nassib,24.0,NYG,4.0,0.0,0.0,0.0,0.0,,0.0,0.0,,,0.0,0.0,,,1.0,
Cam Newton,25.0,CAR,14.0,14.0,0.0,0.0,0.0,,0.0,0.0,,,0.0,0.0,,,9.0,
Pat O'Donnell,23.0,CHI,16.0,0.0,0.0,0.0,0.0,,0.0,0.0,,,0.0,0.0,,,1.0,
Chris Ogbonnaya,28.0,CAR,5.0,0.0,1.0,0.0,0.0,,0.0,0.0,0.0,,0.0,0.0,0.0,0.0,0.0,
Kyle Orton,32.0,BUF,12.0,12.0,0.0,0.0,0.0,,0.0,0.0,,,0.0,0.0,,,3.0,AP CPoY-7
Kassim Osgood,34.0,SFO,13.0,0.0,1.0,0.0,0.0,,0.0,0.0,0.0,,0.0,0.0,0.0,0.0,0.0,
Brock Osweiler,24.0,DEN,4.0,0.0,0.0,0.0,0.0,,0.0,0.0,,,0.0,0.0,,,0.0,
Carson Palmer,35.0,ARI,6.0,6.0,1.0,0.0,0.0,,0.0,0.0,0.0,,0.0,0.0,0.0,0.0,3.0,
Jordan Palmer,30.0,TEN,1.0,0.0,0.0,0.0,0.0,,0.0,0.0,,,0.0,0.0,,,0.0,
Jalen Parmele,29.0,ARI,1.0,0.0,0.0,0.0,0.0,,0.0,0.0,,,0.0,0.0,,,0.0,
Solomon Patton,24.0,TAM,7.0,0.0,0.0,0.0,0.0,,0.0,0.0,,,0.0,0.0,,,1.0,
Julius Peppers,34.0,GNB,16.0,16.0,1.0,0.0,0.0,,0.0,0.0,0.0,,0.0,0.0,0.0,0.0,0.0,
Christian Ponder,26.0,MIN,2.0,1.0,0.0,0.0,0.0,,0.0,0.0,,,0.0,0.0,,,0.0,
Tauren Poole,25.0,CAR,1.0,0.0,0.0,0.0,0.0,,0.0,0.0,,,0.0,0.0,,,1.0,
De'Andre Presley,24.0,CAR,4.0,0.0,1.0,0.0,0.0,,0.0,0.0,0.0,,0.0,0.0,0.0,0.0,0.0,
Philip Rivers,33.0,SDG,16.0,16.0,0.0,0.0,0.0,,0.0,0.0,,,0.0,0.0,,,8.0,
Gerell Robinson,25.0,MIA,2.0,0.0,1.0,0.0,0.0,,0.0,0.0,0.0,,0.0,0.0,0.0,0.0,0.0,
Aaron Rodgers,31.0,GNB,16.0,16.0,0.0,0.0,0.0,,0.0,0.0,,,0.0,0.0,,,10.0,"PB,AP-1,AP MVP-1,AP OPoY-2"
Ben Roethlisberger,32.0,PIT,16.0,16.0,0.0,0.0,-6.0,,0.0,0.0,,-6.0,0.0,-0.4,,,9.0,PB
Tony Romo,34.0,DAL,15.0,15.0,0.0,0.0,0.0,,0.0,0.0,,,0.0,0.0,,,7.0,"PB,AP-2,AP MVP-3,AP OPoY-5"
Jon Ryan,33.0,SEA,16.0,0.0,0.0,0.0,0.0,,0.0,0.0,,,0.0,0.0,,,2.0,
Matt Ryan,29.0,ATL,16.0,16.0,0.0,0.0,0.0,,0.0,0.0,,,0.0,0.0,,,5.0,PB
Mark Sanchez,28.0,PHI,9.0,8.0,0.0,0.0,0.0,,0.0,0.0,,,0.0,0.0,,,7.0,
Tom Savage,24.0,HOU,2.0,0.0,0.0,0.0,0.0,,0.0,0.0,,,0.0,0.0,,,2.0,
Andrew Sendejo,27.0,MIN,16.0,3.0,0.0,0.0,0.0,,0.0,0.0,,,0.0,0.0,,,0.0,
Connor Shaw,23.0,CLE,1.0,1.0,0.0,0.0,0.0,,0.0,0.0,,,0.0,0.0,,,1.0,
Mickey Shuler,28.0,JAX,3.0,1.0,3.0,0.0,0.0,,0.0,0.0,0.0,,0.0,0.0,0.0,0.0,0.0,
Matt Simms,26.0,NYJ,1.0,0.0,0.0,0.0,0.0,,0.0,0.0,,,0.0,0.0,,,0.0,
Alex Smith,30.0,KAN,15.0,15.0,0.0,0.0,0.0,,0.0,0.0,,,0.0,0.0,,,4.0,
Geno Smith,24.0,NYJ,14.0,13.0,1.0,0.0,0.0,,0.0,0.0,0.0,,0.0,0.0,0.0,0.0,8.0,
Rodney Smith,24.0,CLE,3.0,0.0,1.0,0.0,0.0,,0.0,0.0,0.0,,0.0,0.0,0.0,0.0,0.0,
Matthew Stafford,26.0,DET,16.0,16.0,0.0,0.0,0.0,,0.0,0.0,,,0.0,0.0,,,8.0,PB
Drew Stanton,30.0,ARI,9.0,8.0,0.0,0.0,0.0,,0.0,0.0,,,0.0,0.0,,,1.0,
Jeremy Stewart,25.0,DEN,6.0,0.0,0.0,0.0,0.0,,0.0,0.0,,,0.0,0.0,,,0.0,
Tommy Streeter,25.0,JAX,2.0,0.0,1.0,0.0,0.0,,0.0,0.0,0.0,,0.0,0.0,0.0,0.0,0.0,
Tyrod Taylor,25.0,BAL,1.0,0.0,0.0,0.0,0.0,,0.0,0.0,,,0.0,0.0,,,0.0,
Marcus Thigpen,28.0,TAM,4.0,0.0,1.0,0.0,0.0,,0.0,0.0,0.0,,0.0,0.0,0.0,0.0,2.0,
Jordan Thompson,25.0,DET,2.0,0.0,1.0,0.0,0.0,,0.0,0.0,0.0,,0.0,0.0,0.0,0.0,0.0,
Michael Vick,34.0,NYJ,10.0,3.0,0.0,0.0,0.0,,0.0,0.0,,,0.0,0.0,,,5.0,
Tress Way,24.0,WAS,16.0,0.0,0.0,0.0,0.0,,0.0,0.0,,,0.0,0.0,,,1.0,
Steve Weatherford,32.0,NYG,16.0,0.0,0.0,0.0,0.0,,0.0,0.0,,,0.0,0.0,,,0.0,
Brandon Weeden,31.0,DAL,5.0,1.0,0.0,0.0,0.0,,0.0,0.0,,,0.0,0.0,,,1.0,
Charcandrick West,23.0,KAN,6.0,0.0,1.0,0.0,0.0,,0.0,0.0,0.0,,0.0,0.0,0.0,0.0,0.0,
Charlie Whitehurst,32.0,TEN,7.0,5.0,0.0,0.0,10.0,,0.0,0.0,,10.0,0.0,1.4,,,3.0,
Chris Williams,27.0,CHI,7.0,0.0,0.0,0.0,0.0,,0.0,0.0,,,0.0,0.0,,,0.0,
Brad Wing,23.0,PIT,16.0,0.0,0.0,0.0,0.0,,0.0,0.0,,,0.0,0.0,,,1.0,
George Winn,24.0,DET,12.0,0.0,3.0,0.0,0.0,,0.0,0.0,0.0,,0.0,0.0,0.0,0.0,0.0,
League Average,,,,,,,,,,,49.3,,1.7,19.4,63.6,7.3,,
